 225.49 330
 226.40 330
 227.32 325
 228.24 323
 229.16 328
 230.08 328
 231.00 328
 231.92 328
 232.84 328
 233.77 330
 326.56 529
 235.61 331
 236.53 331
 237.45 333

 330.23 506
 331.15 501
 332.06 496
 332.98 491
 333.89 487
 334.81 482
 335.73 479
 336.64 475
 337.56 471
 338.47 468
 339.39 464
 340.31 461
 341.23 458
 342.15 456
 343.07 453
 344.00 450
 344.92 448
 8.64 429
 9.57 430
 10.49 432
 11.42 432
 12.34 435
 13.27 435
 14.19 438
 15.12 438
 16.05 441

 16.98 443
 17.90 444
 18.83 446
 19.76 449
 20.69 451
 21.61 455
 22.54 313
 23.47 301
 24.39 293
 25.31 287
 26.23 282
 27.15 278
 28.07 275
 29.00 271
 29.92 269
 30.84 266
 31.76 266
 32.68 264
 33.60 262
 34.51 263
 35.43 263
 36.34 263
 37.26 264
 38.18 264
 39.09 264
 40.01 265
 40.92 266
 41.84 266
 42.76 269
 43.67 270
 44.59 273
 45.51 275
 46.43 279
 47.35 282
 48.28 287
 49.20 292
 50.12 298
 51.04 305
 51.96 316
 52.88 236
 53.81 406
 54.73 402
 55.65 396
 56.57 391
 57.49 577
 150.18 592
 151.10 607
 152.02 622
 152.93 642
 153.85 100
 154.77 665
 155.68 698
 156.59 707
 157.51 740
 158.42 765
 159.33 791
 160.25 820
 161.16 851
 162.08 884
 162.99 920
 163.90 958
 164.82 1002
 165.73 1050
 166.65 1101
 167.57 1161
 168.48 1223
 169.40 1295
 170.31 1368
 171.23 1453
 172.14 1563
 173.06 1605
 173.97 1647
 174.89 1629
 175.80 1621
 176.72 1618
 177.63 1616
 178.56 1616
 179.48 1610
 180.41 1611
 181.34 1609
 182.26 1610
 183.19 1608
 184.11 1611
 185.04 1608
 185.97 1613
 186.89 1609
 187.82 1610
 188.75 1612
 189.67 1616
 190.60 1615
 191.52 1619
 214.99 331
 215.91 330
 216.82 330
 217.74 329
 218.65 328
 219.57 328
 220.48 327
 221.40 326
 222.33 326
 223.24 327
 224.16 320
 225.07 325
 225.99 334
 318.85 594
 319.76 585
 320.68 576
 229.65 332

 322.52 560
 323.43 552
 324.35 545
 325.27 538
 326.19 532
 327.10 525
 328.02 519
 328.94 513
 329.86 508
 330.77 503
 331.69 498
 332.60 493
 333.52 489
 334.44 484
 335.36 480
 336.28 476
 337.20 473
 338.13 469
 339.05 466
 339.97 462
 340.89 459
 341.81 457
 342.73 454
 343.65 451
 344.57 448
 345.49 447
 346.40 443
 347.32 443
 348.24 440
 349.16 438
 350.08 437
 351.00 435
 351.91 435
 352.83 433
 353.75 432
 354.66 431
 355.58 429
 356.50 429
 357.42 429
 358.34 429
 359.26 427
 0.18 427
 1.10 427
 2.02 427
 2.94 427
 3.86 427
 4.78 427
 5.71 429
 6.64 429
 7.56 429
 8.49 320
 101.59 321
 102.53 323
 103.46 323
 104.39 325
 105.32 326
 106.23 326
 107.14 328
 108.05 330
 108.96 331
 109.87 333
 110.79 334
 111.70 336
 112.61 338
 113.52 341
 114.43 342
 115.34 345
 116.09 347
 117.01 344
 117.92 348
 118.84 350
 119.76 354
 120.68 356
 121.59 359
 122.51 351
 123.43 376
 124.35 369
 125.26 373
 126.18 377
 127.10 381
 128.02 386
 128.93 396
 129.85 401
 154.19 100
 155.10 677
 156.02 712
 156.93 720
 157.84 749
 158.75 775
 159.67 802
 160.58 831
 161.49 862
 162.41 897
 163.32 934
 164.24 974
 165.16 1019
 166.07 1068
 166.99 1122
 167.90 1182
 168.82 1250
 169.74 1321
 170.65 1394
 171.57 1510
 172.49 1427
 173.41 1607
 174.33 1653
 175.26 1620
 176.18 1622
 177.10 1619
 178.02 1615
 178.94 1616
 179.86 1613
 180.79 1612
 181.71 1609
 182.63 1611
 275.62 1693
 276.54 1691
 277.45 1694
 278.37 1697
 279.28 1694
 280.20 1701
 281.11 1704
 282.03 1706
 282.94 1712
 283.86 1716
 284.77 1721
 285.69 1730
 286.61 1722
 287.52 1785
 288.44 1680
 289.35 1584
 290.27 1497
 291.19 1417
 292.10 1354
 293.02 1295
 293.94 1241
 294.86 1189
 295.78 1098
 296.69 1096
 297.61 1052
 298.53 1013
 299.45 978
 300.37 945
 301.29 917
 302.20 888
 303.12 863
 304.04 838
 305.01 814
 305.93 793
 306.84 773
 307.76 755
 308.68 737
 309.60 719
 310.51 704
 311.43 689
 312.35 675
 313.27 661
 314.18 649
 315.10 637
 316.02 626
 316.94 615
 317.85 604
 50.79 302
 51.71 312
 52.64 0
 53.56 0
 54.48 402
 55.41 397
 56.34 393
 57.26 388
 58.19 384
 59.11 379
 60.04 375
 60.96 371
 61.89 368
 62.81 364
 63.74 361
 64.66 358
 65.59 354
 66.51 352
 67.44 349
 68.37 347
 69.30 344
 93.07 317
 94.00 317
 94.92 317
 95.85 317
 96.77 318
 97.69 318
 98.62 319
 99.54 320
 100.47 320
 101.38 321
 102.29 322
 103.20 323
 104.11 324
 105.02 325
 105.92 326
 106.83 328
 107.74 329
 108.65 331
 109.56 332
 110.47  344
 115.91 347
 116.81 349
 344
 115.91 347
 116.81 349
 117.72 356
 118.62 350
 119.52 353
 120.43 356
 121.33 359
 122.25 349
 123.17 368
 124.08 371
 125.00 372
 125.91 376
 126.83 380
 127.74 384
 128.66 395
 129.57 399
 130.49 405
 131.40 410
 132.32 415
 133.23 421
 134.15 427
 135.07 433
 135.99 324
 228.53 326
 229.44 331
 230.35 327
 231.26 328
 232.17 328
 233.09 329
 234.01 330
 234.92 330
 235.84 331
 236.76 332
 237.68 334
 238.60 334
 239.52 337
 240.43 338
 241.35 339
 242.27 341
 243.18 342
 244.10 345
 245.03 346
 245.95 349
 246.88 351
 247.80 354
 248.73 0
 249.65 0
 250.58 0
 251.50 826
 252.43 819
 253.35 814
 254.26 809
 255.18 807
 256.10 803
 257.02 800
 257.94 795
 258.86 792
 259.78 786
 260.70 816
 261.62 870
 262.54 953
 263.46 1716
 264.38 1708
 265.31 1707
 266.23 1702
 267.15 1696
 268.06 1694
 268.98 1692
 269.90 1690
 270.82 1692
 271.74 1687
 272.66 1686
 273.57 1686
 274.49 1688
 275.41 1690
 297.79 1044
 298.71 1006
 299.64 971
 300.56 940
 301.48 909
 302.40 883
 303.33 856
 304.25 832
 305.17 810
 306.09 789
 307.02 769
 307.94 750
 308.86 733
 41.78 266
 42.70 268
 43.63 270
 44.55 273
 45.47 275
 46.40 279
 47.32 282
 48.24 287
 49.16 292
 50.08 297
 51.01 305
 51.93 315
 52.85 231
 53.77 395
 54.69 402
 55.61 396
 56.54 391
 57.46 387
 58.38 383
 59.30 378
 60.22 374
 61.14 370
 62.06 367
 62.98 364
 63.90 361
 64.83 357
 65.75 354
 66.67 351
 67.59 348
 68.51 345
 69.43 344
 70.34 342
 71.26 339
 72.17 337
 73.09 335
 74.01 334
 74.92 332
 75.84 330
 76.75 328
 77.67 327
 78.59 326
 79.50 324
 80.42 323
 81.34 322
 82.26 322
 83.18 320
 84.10 320
 85.02 319
 85.94 318
 86.86 318
 87.78 317
 88.70 318
 89.62 292
 90.54 292
 91.46 312
 92.38 317
 93.31 317
 94.23 1610
 187.14 1611
 188.07 1613
 189.00 1613
 189.93 1617
 190.86 1619
 191.78 1627
 192.70 1617
 193.62 1620
 194.55 1639
 195.47 0
 196.39 916
 197.31 856
 198.23 860
 199.15 863
 200.08 864

 201.00 869
 201.92 874
 202.85 880
 203.76 883
 204.67 891
 205.58 893
 206.49 902
 207.40 917
 208.31 940
 209.22 0
 210.13 1784
 211.04 1807
 211.95 1809
 212.86 1831
 238.30 333
 239.22 336
 240.14 337
 241.06 338
 241.98 340
 242.90 342
 243.82 343
 244.74 345
 245.66 347
 246.58 350
 247.50 352
 248.42 0
 249.34 0
 250.27 0
 251.19 845
 252.12 820
 253.05 817
 253.98 814
 254.90 809
 255.83 803
 256.76 799
 257.69 796
 258.61 792
 259.54 790
 260.46 801
 261.38 852
 262.31 928
 263.23 0
 264.15 1708
 265.07 1706
 266.00 1705
 266.92 1700
 267.84 1700
 268.76 1692
 269.69 1691
 270.61 427
 3.34 427
 4.27 427
 5.19 427
 6.12 429
 7.04 429
 7.97 429
 8.89 430
 9.82 430
 10.74 432
 11.67 433
 12.59 435
 13.52 435
 14.44 438
 1547
 19.99 449
 20.92 451
 21.85 462
 22.77 309
 47
 19.99 449
 20.92 451
 21.85 462
 22.77 309
 23.69 299
 24.61 291
 25.53 285
 26.45 282
 27.37 278
 28.29 274
 29.21 271
 30.13 268
 31.05 267
 31.97 265
 32.89 263
 33.81 262
 34.73 263
 35.64 263
 36.56 264
 37.48 264
 38.40 264
 39.32 264
 40.24 265
 41.15 266
 42.07 267
 42.99 269
 43.93 271
 44.86 274
 45.80 276
 46.73 280
 47.66 284
 48.59 289
 49.53 293
 50.46 300
 51.39 309
 52.32 322
 53.26 301
 54.19 403
 55.12 399
 56.05 557
 148.71 569
 149.63 583
 150.55 597
 151.47 612
 152.38 629
 153.30 653
 84.04 320
 84.95 320
 85.87 318
 86.78 318
 87.70 317
 88.63 318
 89.56 290

 182.19 1609
 183.11 1606
 184.04 1614
 184.96 1607
 185.88 1611
 186.79 1609
 187.72 1611
 188.64 1611
 189.57 1615
 190.49 1616
 191.42 1618
 192.34 1618
 193.27 1618
 194.19 1628
 195.12 0
 196.04 939
 196.97 861
 197.89 858
 198.81 861
 199.72 864
 200.64 866
 201.56 873
 202.47 875
 203.39 884
 204.30 889
 205.22 896
 206.14 902
 207.05 908
 207.97 925
 208.89 0
 209.80 0
 210.71 1800

 211.63 1830
 212.54 1816
 213.45 1846
 214.36 1864
 215.27 331
 216.18 330
 217.10 330
 218.01 328
 218.92 328
 219.84 327
 220.75 327
 221.67 326
 222.58 327
 223.49 325
 224.41 318
 225.32 327

 318.33 601
 227.15 326
 228.06 321
 228.98 327
 321.98 566
 322.88 558
 323.79 550
 324.69 543
 325.60 536
 326.50 530
 327.41 524
 328.31 518
 329.22 512
 330.13 507
 331.05 501
 331.98 497
 332.90 492
 333.83 487
 334.75 483
 335.68 479
 336.60 475
 337.53 472
 338.45 468
 339.38 465
 340.30 462
 341.14 459
 342.06 456
 342.97 453
 343.89 450
 344.80 448
 345.72 446
 346.63 444
 347.55 442
 348.46 440
 349.38 437
 350.29 437
 351.21 436
 352.12 434
 353.03 432
 353.95 431
 354.86 430
 355.78 429
 356.69 429
 357.61 429
 358.52 429
 22.07 324
 23.00 305
 23.92 296
 24.85 290
 25.75 284
 26.67 280
 27.59 276
 28.51 272
 29.43 270
 30.35 267
 31.27 266
 32.19 265
 33.11 263
 34.03 
 39.57 265
 40.49 265
 41.41 266
 42.33 426
 134.99 432
 4
 39.57 265
 40.49 265
 41.41 266
 42.33 426
 134.99 432
 44.17 272
 45.10 274
 46.02 277
 138.66 460
 139.58 467
 140.50 476
 141.42 484

 142.34 493
 143.26 502
 144.18 512
 145.10 523
 146.02 534
 146.94 546
 147.86 558
 148.78 571
 149.70 584
 150.62 599
 151.54 614
 152.47 631
 153.39 656
 154.31 100
 155.23 683
 156.15 715
 157.07 727
 157.99 754
 158.91 780
 159.84 807
 160.76 838
 161.69 871
 162.61 906
 163.54 945
 164.46 986
 16.16 1203
 169.07 1271
 170.00 1350
 170.92 1420
 .16 1203
 169.07 1271
 170.00 1350
 170.92 1420
 171.85 1556
 172.78 1656
 173.70 1628
 174.63 1638
 175.55 1623
 176.48 1618
 177.41 1616
 178.33 1615
 179.26 1613
 180.20 1613
 181.12 1611
 182.03 1689
 274.97 1689
 275.89 1689
 276.81 1689
 277.72 1693
 278.64 1694
 279.56 1700
 280.48 1700
 281.39 1704
 282.31 1707
 283.23 1712
 284.14 1714
 285.06 1723
 285.97 1729
 286.89 1723
 287.81 1751
 288.72 1645
 289.64 1551
 290.55 1470
 291.47 1397
 292.39 1330
 293.31 1273
 294.23 1217
 295.15 1173
 296.07 1165
 296.99 1080
 320.16 581
 321.08 572
 321.99 564
 322.90 556
 323.82 550
 324.73 542
 325.65 535
 326.56 529
 327.48 523
 328.39 517
 329.31 511
 330.22 506
 331.14 501
 332.05 496
 332.97 491
 333.88 487
 334.79 482
 335.71 479
 336.63 475
 337.55 472
 338.47 468
 339.39 464
 340.31 461
 341.23 458
 342.15 456
 343.07 453
 343.99 450
 344.91 447
 345.83 446
 346.75 444
 347.67 441
 348.58 440
 349.50 437
 350.42 437
 351.34 320
 84.41 320
 353.18 432
 354.09 431
 355.01 318
 88.10 318
 89.03 317
 89.95 291
 90.88 295
 91.80 314
 92.73 317
 93.65 317
 94.58 317
 95.50 317
 96.42 318
 97.34 318
 98.25 319
 99.17 320
 100.09 320
 101.00 321
 101.92 322
 102.83 323
 103.75 324
 104.67 325
 105.58 326
 106.50 327
 107.42 328
 108.33 331
 109.24 332
 110.15 333
 111.06 336
 111.97 337
 112.88 339
 113.79 341
 114.70 344
 115.61 346
 116.52 348
 117.43 355
 118.34 349
 119.26 352
 120.18 355
 121.10 358
 122.02 365
 122.94 0
 123.85 374
 124.77 372
 125.69 375
 126.61 379
 127.53 383
 128.45 394
 129.36 397
 130.28 403
 131.20 409
 132.13 414
 133.05 324
 225.92 334
 226.83 326
 227.75 323
 136.73 445
 229.59 332
 230.52 327
 231.44 328
 232.36 328
 233.29 329
 234.21 330
 235.14 330
 168.50 1225
 169.41 861
 262.43 942
 263.35 0
 172.16 1569
 173.08 1706
 266.12 1705
 267.05 1696
 267.98 1697
 268.91 1692
 269.84 1688
 270.77 1690
 271.70 1687
 272.63 1688
 273.56 1688
 274.49 1688
 275.41 1693
 276.34 1691
 277.27 1694
 278.19 1693
 279.12 1698
 280.05 1703
 280.98 1701
 281.91 1707
 282.84 1711
 283.76 1715
 284.69 1718
 285.62 1727
 286.54 1735
 287.45 1747
 288.36 1694
 289.26 1595
 290.17 1509
 291.08 1432
 291.99 1365
 292.90 1305
 293.81 1250
 294.71 1186
 295.62 1126
 296.53 1102
 297.45 1061
 298.37 1023
 299.29 986
 300.20 953
 301.12 922
 302.04 894
 302.96 867
 303.88 263
 304.80 820
 305.71 799
 306.63 777
 307.55 265
 40.52 265
 41.45 266
 42.37 268
 43.30 270
 44.22 272
 45.14 275
 46.07 277
 46.99 281
 47.91 284
 48.83 290
 49.76 295
 50.68 301
 51.60 311
 52.52 324
 53.45 328
 54.37 403
 55.29 398
 56.21 393
 57.14 388
 58.06 384
 58.98 380
 59.90 376
 60.82 372
 61.74 368
 62.66 364
 63.58 361
 64.50 358
 65.42 356
 66.34 352
 67.26 349
 68.18 347
 69.10 345
 70.02 342
 70.93 340
 71.85 337
 72.76 336
 73.67 334
 74.58 332
 75.50 330
 76.41 328
 77.32 328
 78.23 326
 79.15 325
 80.06 324

 80.97 323
 81.89 322
 82.81 321
 83.74 320
 107.52 328
 108.43 330
 109.35 332
 110.26 333
 111.18 336
 112.09 337
 113.01 339
 113.92 341
 114.84 344
 115.75 346
 116.65 349
 117.56 356
 118.47 349
 119.38 352
 120.28 355
 121.19 358
 122.10 366
 123.01 368
 123.91 374
 124.82 371
 125.73 375
 126.65 328
 219.56 328
 220.46 327
 221.37 327
 222.28 326
 223.18 327
 224.09 320
 225.00 324
 225.92 334
 226.84 327
 227.76 323
 228.68 327
 229.60 332
 230.53 327
 231.45 328
 232.37 328
 233.29 329
 234.21 330
 235.13 330
 236.04 332
 236.96 332
 237.88 333
 238.80 335
 239.72 336
 240.64 337
 241.57 340
 242.49 341
 243.41 342
 244.33 345
 245.25 348
 246.17 349
 247.08 352
 248.00 358
 248.93 0
 249.85 0
 250.78 0
 251.70 823
 252.63 819
 253.55 812
 254.48 810
 255.40 806
 256.33 802
 257.25 797
 258.17 794
 259.09 790
 260.01 788
 260.93 825
 261.85 887
 262.77 979
 263.70 1705
 356.36 429
 265.54 1704
 266.46 1701
 267.38 1697
 0.03 427
 0.95 427
 1.87 427
 2.79 427
 3.71 427
 4.63 428
 5.54 428
 6.46 429
 7.38 429
 8.34 429
 9.26 430
 10.19 432
 11.11 432
 12.03 433
 12.96 435
 13.88 436
 14.81 439
 15.73 440
 16.65 442
 17.58 444
 18.50 446
 19.42 448
 20.34 450
 21.26 452
 22.18 321
 46.38 278
 47.29 282
 48.20 287
 49.11 291
 50.02 297
 50.92 304
 51.83 314
 52.74 221
 53.67 368
 54.59 402
 55.50 397
 56.42 391
 57.34 388
 58.25 384
 59.17 378
 60.08 375
 61.00 371
 61.92 368
 62.83 364
 63.75 361
 64.67 358
 65.59 355
 66.52 352
 67.44 349
 68.36 347
 69.28 344
 70.21 342
 71.13 339
 72.05 337
 72.97 335
 73.90 334
 74.82 332
 75.73 330
 76.65 328
 77.56 327
 78.48 326
 79.40 325
 80.32 323
  319
 85.82 318
 86.73 318
 87.65 318
 88.56 318
 319
 85.82 318
 86.73 318
 87.65 318
 88.56 318

 181.13 1611
 182.05 1611
 182.97 1610
 183.90 1611
 184.82 1607
 185.73 1609
 186.65 1611
 187.57 1611
 188.48 1614
 189.40 1616
 190.32 1617
 191.24 1619
 192.16 1616
 193.08 1617
 193.99 1621
 194.91 0
 195.83 954
 196.81 885
 197.73 859
 198.65 862
 199.56 864
 200.48 866
 201.40 870
 202.32 875
 203.24 883
 204.16 885
 205.07 892
 205.99 899
 206.91 909
 207.83 923
 208.75 0
 209.66 0
 210.58 1799
 211.49 1830
 212.41 1812
 213.32 1844
 214.24 1859
 215.15 330
 216.07 330
 216.98 330
 217.90 328
 218.81 328
 219.73 328
 220.64 327
 221.56 326
 222.47 326
 223.39 326
 224.30 318

 316.98 614
 226.13 332
 227.05 326
 227.96 321
 320.64 577
 252.59 819
 253.52 812
 254.45 810
 255.38 806
 256.31 802
 257.24 797
 258.17 794
 259.10 789
 260.03 789
 260.96 830
 261.89 894
 262.82 972
 355.51 430
 356.43 429
 357.35 429
 358.27 429

 359.19 427
 0.11 428
 1.03 428
 1.95 427
 2.87 427
 3.79 427
 4.72 427
 5.64 429
 6.57 429
 7.49 429
 8.42 429
 9.34 430
 10.27 432
 11.19 432
 12.12 433

 13.04 435
 13.96 438
 14.88 438
 15.81 440
 16.73 442
 17.65 444
 18.58 446
 19.50 448
 20.43 450
 21.35 453
 22.27 318
 23.20 303
 24.12 295
 25.04 289
 25.96 282
 26.88 280
 27.80 274
 28.72 273