71.24 283
 72.16 282
 73.07 279
 73.99 277
 74.91 276
 75.83 274
 76.74 273
 77.66 271
 78.59 270
 79.51 269
 80.43 267
 81.35 267
 82.27 265
 83.19 265
 84.10 264
 85.02 263
 85.94 262
 86.86 262
 87.78 261
 88.70 261
 89.61 260
 90.54 260
 91.47 259
 92.39 259
 93.32 259
 94.25 259
 95.18 259
 96.11 259
 97.04 259
 97.96 259
 98.89 260
 99.82 260
 100.75 260
 101.66 261
 102.58 261
 103.49 262
 104.41 1221
 197.16 1225
 198.09 1232
 199.01 1232
 108.07 1238
 200.85 1243
 201.76 1249
 202.68 1252
 203.60 1259
 204.51 1267
 205.43 1272
 206.34 1284
 207.26 1284
 208.18 1293
 209.09 1303
 210.01 1314
 210.92 1327
 211.83 0
 212.75 489
 213.66 476
 214.57 473
 215.49 462
 216.40 457
 217.32 454
 218.23 450
 219.14 445
 220.06 445
 220.97 444

 221.89 440
 222.80 445
 223.71 446
 224.63 448
 225.54 446
 226.45 448
 227.36 452
 228.27 460
 229.18 466
 230.10 475
 231.01 481
 231.92 493
 232.86 510
 233.77 0
 234.69 0
 235.60 0
 236.52 1580
 237.43 1556
 238.35 1539
 239.26 1516
 240.18 1501
 241.09 1485
 242.01 1470
 242.92 1449
 243.83 304
 336.57 302
 337.49 299
 338.41 297
 339.33 295
 340.25 294
 341.17 292
 342.09 290
 342.99 289
 343.91 288
 344.82 285
 345.74 285
 277.59 1231
 278.50 281
 11.25 282
 12.17 283
 13.10 284
 14.03 285
 14.95 287
 15.88 288
 16.79 289
 17.71 292
 18.63 292

 19.55 293
 20.47 296
 21.39 298
 22.32 299
 23.24 302
 24.16 304
 25.08 307
 26.00 309
 26.92 312
 27.86 314
 28.78 317
 29.69 320
 30.61 323
 31.53 326
 32.45 329
 33.36 333
 34.28 337
 35.20 340
 36.12 344
 37.03 348
 37.95 353
 38.86 358
 39.78 362
 40.69 367
 41.61 373
 42.53 377
 43.45 383
 44.36 0
 45.28 0
 46.20 408
 47.12 0
 48.03 386
 48.95 380
 49.87 373
 50.78 366
 51.70 361
 52.61 355
 53.52 350
 54.43 345
 55.35 340
 56.26 335
 57.17 331
 58.08 326
 59.00 323
 59.91 319
 60.83 315
 61.74 312
 62.66 309
 63.57 515
 156.32 529
 157.23 544
 158.15 560
 159.06 577
 159.98 595
 160.88 615
 161.78 635
 162.68 657
 163.58 680
 164.48 706
 165.37 729
 166.27 769
 167.17 814
 168.07 865
 168.97 918
 169.87 974
 170.79 1040
 171.71 0
 172.64 1045
 173.56 0
 174.49 0
 175.41 1214
 176.34 1213
 177.26 1211
 178.19 1208
 179.11 1207
 180.04 1205
 180.96 1196
 181.87 1203
 182.79 1202
 183.71 1196
 184.63 1203
 185.55 1203
 186.47 1197
 187.38 1203
 188.30 1202
 189.22 1202
 190.14 1205
 191.06 1206
 191.98 1210
 215.55 463
 216.47 457
 217.39 454
 218.30 452
 219.22 447
 220.14 445
 221.06 446
 221.98 444
 222.90 447
 223.81 447
 224.73 447
 225.65 450
 226.55 451
 227.47 455
 228.40 461
 229.32 465
 230.24 474
 231.16 481
 232.09 493
 233.01 514
 233.93 0
 234.85 0
 235.78 0
 236.70 1584
 237.63 1559
 330.39 321
 331.30 318
 332.22 315
 333.13 312
 334.04 309
 334.96 307
 335.87 304
 336.79 302
 337.71 299
 338.64 298
 339.56 295
 340.48 294
 341.40 292
 342.33 290
 343.25 289
 344.17 288
 345.09 286
 346.02 285
 346.94 284
 347.85 283
 348.77 281
 349.69 281
 350.60 280
 351.52 279
 352.44 279
 353.36 278
 354.28 277
 355.20 276
 356.11 276
 357.03 276
 357.95 276
 358.91 276
 359.84 276
 0.77 276
 1.70 276
 2.63 277
 3.56 277
 4.48 277
 5.41 278
 6.34 278
 7.27 279
 8.20 279
 9.13 280
 10.05 281
 10.98 282
 11.92 283
 12.85 284
 13.78 285
 14.72 286
 15.65 287
 16.59 289
 17.52 291
 18.45 292
 19.39 293
 20.32 295
 21.26 298
 113.92 273
 114.83 274
 115.74 276
 116.65 278
 117.57 279
 118.48 281
 119.39 283
 120.31 285
 121.23 287
 122.15 289
 123.07 291
 123.99 269
 124.91 276
 125.82 292
 126.74 300
 127.66 304

 128.58 307
 129.50 311
 130.42 314
 155.63 519
 156.54 534
 157.45 549
 158.37 565
 159.28 582
 160.19 601
 161.10 622
 162.01 642
 162.92 664
 163.84 689
 164.75 717
 165.66 744
 166.58 788
 167.49 833
 168.41 883
 169.32 945
 170.23 1004
 171.14 0
 172.06 693
 172.97 0
 173.88 0
 174.79 1217
 175.71 1212
 176.62 1212
 177.54 1209
 178.47 1206
 179.39 1206
 180.32 1205
 181.24 1202
 182.17 1201
 183.09 1202
 184.02 1203
 184.94 1205
 185.87 1205
 186.79 1202
 187.72 1203
 188.64 1202
 189.56 1203
 190.49 1204
 191.41 1208
 192.33 1208
 193.26 1209
 286.09 1252
 286.99 1257
 196.03 1218
 196.95 1198
 289.75 1112
 290.66 1046
 291.58 980
 292.50 929
 293.42 887
 294.34 856
 295.26 821
 296.17 790
 297.09 742
 298.01 708
 298.92 677
 299.84 650
 300.77 627
 301.69 604
 302.61 584
 303.53 564
 304.46 548
 305.38 531
 306.30 516
 307.22 502
 308.15 489
 309.07 477
 309.98 465
 310.90 455
 311.81 444
 312.73 433
 313.65 425
 314.57 417
 315.48 409
 316.40 402
 317.32 395
 318.24 388
 319.15 381
 320.07 375
 320.99 369
 321.90 364
 322.82 358
 323.73 349
 324.64 345
 325.55 340
 326.47 336
 327.38 332
 328.29 328
 329.20 325
 330.12 322
 331.03 318
 331.94 315
 332.86 312
 333.78 297
 66.79 294
 67.71 292
 68.63 290
 69.55 287
 70.47 285
 1.77 276
 2.69 276
 3.61 277
 4.53 277
 5.44 278
 6.36 278
 7.29 278
 8.21 279
 9.14 280
 10.06 261
 102.80 261
 103.73 262
 12.84 284
 13.76 263
 106.48 264
 107.39 265
 108.30 265
 109.22 267
 110.13 268
 111.05 269
 111.96 270
 112.87 271
 113.79 273
 114.70 274
 115.53 276
 116.46 278
 117.39 279
 118.31 281
 119.24 283
 120.17 285
 121.10 287
 122.03 289
 122.96 291
 123.88 294
 124.81 296
 125.74 225
 126.65 301
 127.57 305
 128.50 305
 129.42 310
 130.35 317
 131.27 315
 132.20 318
 133.12 323
 134.05 327
 134.97 332
 135.90 336
 136.82 342
 137.75 347
 138.66 353
 139.58 357
 140.49 364
 141.41 370
 142.32 376
 143.24 384
 144.15 391
 145.07 399
 145.98 406
 146.90 415
 147.81 423
 148.75 433
 149.66 442
 150.56 1470
 242.96 1449
 243.88 1437
 244.79 1425
 245.71 1415
 246.62 1394
 247.53 1388
 248.45 1376
 249.38 1363
 250.30 1353
 251.23 1345
 252.15 1339
 253.08 1329
 254.00 731
 254.93 708
 255.85 684
 256.78 680
 257.70 665
 258.61 667
 259.54 659

 260.46 656
 261.39 654
 262.31 658
 263.24 661
 264.16 661
 265.09 665
 266.01 669
 266.94 679
 267.86 695
 268.79 708
 269.71 760
 270.62 1135
 271.54 1232
 272.45 1230
 273.36 1232
 274.28 1227
 275.19 1226
 276.11 1227
 299.64 662
 300.55 636
 301.47 614
 302.38 591
 303.29 572
 304.21 555
 305.13 537
 306.06 522
 306.98 507
 307.90 494
 308.82 481
 309.74 470
 310.66 459
 311.59 446
 312.51 437
 313.43 429
 314.35 420
 315.27 411
 316.18 404
 317.10 396
 318.01 389
 318.93 383
 319.84 377
 320.76 355
 321.67 365
 322.59 361
 323.50 354
 324.42 335
 57.22 330
 58.13 326
 59.05 322
 59.96 319
 60.88 315
 61.79 312
 62.71 308
 63.62 305
 64.53 302
 65.44 299
 66.36 296
 67.27 294
 68.18 291
 69.09 289
 70.01 286
 70.92 285
 71.83 282
 72.74 281
 73.66 278
 74.57 277
 75.48 275
 76.39 274
 77.30 272
 78.22 271
 79.13 270
 80.04 268
 80.95 267
 81.86 266
 82.77 265
 83.69 264
 84.60 264
 85.51 263
 86.43 262
 87.35 261
 88.27 261
 89.19 260
 90.11 260
 91.03 260
 91.95 259
 92.87 259
 93.79 259
 94.71 259
 95.63 259
 96.55 260
 97.61 259
 98.52 259
 99.43 260
 100.34 260
 101.25 260
 102.16 261
 103.07 261
 103.98 262
 104.89 263
 105.80 264
 106.71 264
 107.62 265
 108.55 1241
 201.39 1246
 202.30 1254
 203.22 1258
 204.14 1264
 205.06 1271
 205.97 1279
 206.89 1287
 207.81 1294
 208.73 1290
 209.64 1310
 210.56 1322
 211.48 1338
 212.39 496
 213.31 482
 214.22 474
 236.60 1584
 237.53 1562
 238.45 1542
 239.38 1524
 240.29 1505
 241.22 1491
 242.15 1473
 243.08 1453
 244.01 1455
 244.94 1431
 245.88 1416
 246.81 1398
 247.74 1387
 248.67 1378
 249.60 1366
 250.53 1357
 251.45 1348
 252.37 1338
 253.28 1329
 254.20 732
 255.12 704
 256.04 688
 256.95 678
 257.87 669
 258.79 667
 259.71 662
 260.62 661
 261.54 658
 262.46 659
 263.38 663
 264.30 665
 265.21 669
 266.13 675
 267.05 683
 267.97 693
 268.89 712
 269.81 0
 270.72 1238
 271.64 1236
 272.56 1234
 273.48 1233
 274.39 1232
 275.31 1233
 276.22 279
 9.18 280
 10.11 281
 11.04 282
 11.97 283
 12.90 284
 13.83 285
 14.76 286
 15.69 287
 16.62 289
 17.55 291
 18.48 292
 19.41 293
 20.34 295
 21.27 298
 22.20 299
 23.13 301
 24.06 304
 24.98 306
 25.91 309
 26.83 311
 27.76 313
 28.68 316
 29.61 319
 30.53 322
 31.46 326
 32.38 329
 33.31 333
 34.23 336
 35.10 340
 36.02 344
 36.95 348
 37.87 353
 38.79 358
 39.71 362
 40.64 367
 41.56 373
 42.48 377
 43.40 383
 44.33 390
 45.25 0
 46.17 409
 47.10 0
 48.02 386
 48.95 379
 49.87 372
 50.80 366
 51.72 360
 52.65 355
 53.57 349
 54.50 345
 55.42 339
 56.35 335
 57.27 330
 58.19 326
 59.12 322
 60.04 318
 86.97 261
 87.89 261
 88.82 261
 89.74 260
 90.66 260
 91.58 259
 92.50 259
 93.42 259
 94.33 259
 95.26 260
 96.19 260
 97.13 259
 98.06 259
 98.99 260
 99.92 260
 100.85 260
 101.78 261
 102.72 261
 103.65 262
 104.58 263
 197.30 1225
 198.22 1228
 199.15 1235
 200.07 1237
 201.00 1244
 201.92 1249
 202.85 1251
 203.77 1261
 204.68 1268
 205.60 1276
 206.51 1280
 207.43 1291
 208.34 1296
 209.26 1308
 210.17 1315
 211.09 1326
 212.00 0
 212.92 488
 213.83 472
 214.75 465
 215.68 462
 216.59 455
 217.51 451
 218.42 446
 219.33 447
 220.25 447
 221.16 442
 222.08 444
 222.99 440
 223.90 445
 224.82 444
 225.73 451
 226.64 454
 227.56 460
 228.48 459
 229.40 462
 230.32 472
 231.24 481
 232.16 495
 233.08 519
 234.00 0
 234.92 0
 235.84 1631
 236.76 1572
 237.67 1553
 238.59 1531
 239.51 1515
 240.43 1498
 333.38 311
 334.30 308
 335.21 305
 336.13 303
 337.04 300
 337.96 299
 338.89 296
 339.81 295

 340.73 293
 341.66 291
 342.58 289
 343.51 288
 344.43 287
 345.35 285
 346.28 284
 347.20 283
 348.11 282
 349.03 281
 349.95 280
 350.87 280
 351.79 278
 352.71 277
 353.64 277
 354.56 277
 355.48 276
 356.40 276
 357.32 276
 358.24 276
 359.16 276
 0.08 276
 1.01 276
 1.93 276
 25.24 307
 26.16 309
 27.07 312
 27.99 315
 28.90 317
 29.82 321
 30.73 323
 31.65 326
 32.57 330
 33.49 334
 34.41 338
 35.33 342
 36.25 346
 37.17 350
 38.09 355
 39.01 359
 39.93 363
 40.85 368
 41.77 374
 42.69 380
 43.61 386
 44.52 391
 45.44 367
 46.35 415
 47.27 391
 48.18 384
 49.10 376
 50.01 371
 50.93 365
 51.84 358
 52.76 353
 53.67 348
 54.59 343

 55.50 338
 56.42 334
 57.33 328
 58.24 325
 59.16 458
 152.00 469
 152.92 481
 61.90 310
 62.81 307
 155.66 521
 156.58 535
 157.50 550
 158.41 567
 159.33 585
 160.24 603
 161.16 623
 162.08 645
 162.99 667
 163.91 691
 164.84 719
 165.76 749
 166.68 790
 167.59 838
 168.51 892
 169.43 951
 170.35 0

 171.27 0
 172.19 767
 173.10 1645
 174.02 0
 174.94 1218
 175.85 1215
 176.77 1210
 177.70 1210
 178.62 1207
 179.55 1204
 180.47 1203
 181.40 1204
 182.32 1201
 183.25 1200
 184.17 1201
 185.10 1205
 186.02 1204
 186.95 1201
 187.88 1201
 188.80 1202
 189.73 1205
 190.66 1205
 191.59 1206
 192.51 1210
 193.44 1210
 194.37 1214
 195.30 1216
 196.22 1221
 197.15 1224
 198.06 1230
 198.98 1047
 291.73 983
 292.65 931
 293.57 885
 294.49 858
 295.40 823
 296.32 786
 297.23 742
 298.15 708
 299.08 678
 300.00 652
 230.81 477
 231.74 488
 232.67 347
 325.35 342
 326.27 337
 327.19 334
 328.11 330
 329.03 326
 329.93 323
 330.84 319
 331.76 316
 332.67 313
 333.58 311
 334.50 308
 335.41 305
 336.33 303
 337.24 301
 338.15 299
 339.07 296
 339.98 295
 341.00 293
 341.92 291
 342.84 289
 343.75 288
 344.67 287
 345.59 285
 346.51 284
 347.43 283
 348.35 282
 349.26 281
 350.18 280
 351.10 279
 352.02 279
 352.94 278
 353.86 277
 354.79 277
 355.71 277
 356.63 276
 357.55 276
 358.47 276
 359.39 276
 0.32 276
 1.24 276
 2.16 276
 3.08 277
 4.01 277
 4.94 278
 5.87 278
 6.80 278
 7.73 279
 8.66 280
 9.59 280
 10.52 281
 11.45 282
 12.38 283
 13.31 285
 14.23 285
 15.16 265
 108.29 266
 109.20 267
 110.12 268
 111.04 269
 111.95 270
 112.87 271
 113.80 273
 114.71 274
 115.62 275
 116.52 277
 117.43 279
 118.34 280
 119.25 282
 120.16 284
 121.07 286
 121.97 289
 122.88 291
 123.79 238
 124.76 297
 125.68 295
 126.60 299
 127.53 303
 128.45 306
 129.37 310
 130.29 310
 131.21 317
 132.13 318
 133.06 322
 133.98 326
 134.90 331
 135.81 336
 136.73 341
 137.66 346
 138.58 352
 139.50 357
 140.43 363
 141.35 370
 142.28 376
 143.20 384
 144.12 390
 145.05 397
 145.97 406
 169.91 974
 170.83 1044
 171.75 0
 172.67 1049
 173.59 0
 174.51 0
 175.44 1215
 176.36 1212
 177.28 1210
 178.20 1209
 179.12 1208
 180.04 1203
 180.96 1203
 181.88 1197
 182.80 1197
 183.72 1202
 184.64 1198
 185.56 1205
 186.47 1207
 187.39 1233
 188.31 1203
 189.23 1195
 190.15 1205
 282.98 1242
 283.90 1245
 284.82 1250
 285.74 1256
 286.66 1259
 287.58 1258
 288.49 1399
 289.41 1156
 290.33 1069
 291.24 1015
 292.16 961
 293.08 918
 293.99 877
 294.91 841

 295.83 807
 296.75 761
 297.67 725
 298.59 693
 299.50 665
 300.42 639
 301.34 616
 302.26 594
 303.19 575
 304.11 556
 305.04 539
 305.97 524
 306.89 508
 307.82 495
 308.74 482
 309.67 471
 310.60 460
 311.52 449
 312.45 438
 313.37 430
 314.29 421
 315.21 411
 316.13 404
 317.05 398
 317.97 390
 318.89 384
 319.81 377

 320.73 371
 321.65 365
 322.57 361
 323.49 354
 324.41 347
 325.33 342
 326.24 337
 327.16 321
 60.27 317
 61.19 314
 62.11 310
 63.03 307
 63.95 304
 64.87 301
 65.79 298
 66.71 295
 67.63 293
 68.55 290
 69.47 288
 70.39 286
 71.31 283
 72.23 282
 73.15 279
 74.07 278
 74.99 276
 75.91 274
 76.82 273
 77.74 271
 78.66 270
 79.58 269
 80.49 268
 81.41 267
 82.33 266
 83.25 265
 84.16 264
 85.08 263
 108.45 266
 109.37 267
 110.28 268
 111.20 269
 112.11 270
 113.03 272
 113.94 273
 114.86 275
 115.77 276
 116.69 277
 117.60 280
 118.52 281
 119.43 283
 120.35 285
 121.28 287
 122.20 289
 123.12 291
 124.04 243
 124.97 301
 125.89 293
 126.81 301
 127.73 304
 128.66 307
 129.58 310
 130.49 314
 131.41 318
 132.33 319
 133.25 323
 134.17 328
 135.09 332
 136.02 337
 136.94 342
 137.86 348
 138.78 353
 139.70 359
 140.62 365
 141.54 371
 142.46 377
 143.38 385
 144.31 392
 237.25 1558
 238.18 1540
 239.10 1526
 240.02 1503
 240.93 1486
 241.85 1468
 242.78 1459
 243.70 1441
 244.63 1430
 245.55 1414
 246.48 1399
 247.40 1387
 248.33 1377
 249.25 1366
 250.18 1358
 251.10 1347
 252.03 1340
 252.95 1330
 253.87 1333
 254.79 705
 255.71 693
 256.63 686
 257.56 673
 258.48 663
 259.40 662
 260.32 660
 261.24 657
 262.16 660
 263.07 654
 263.99 660
 264.92 667
 265.84 669
 266.76 676
 267.68 696
 268.61 706
 269.53 739
 270.45 0
 271.37 1231
 272.30 1230
 273.22 1231
 274.14 1228
 275.06 1227
 275.97 1223
 276.89 1228
 277.80 1230
 278.72 1229
 279.63 1233
 12.49 282
 281.46 1237
 282.38 1243
 283.29 1238
 16.19 288
 17.12 290
 18.04 290
 18.97 292
 19.89 294
 20.82 297
 21.74 298
 22.67 300
 23.59 303
 315.97 404
 316.88 397
 317.80 390
 318.71 384
 319.63 359
 52.72 353
 53.64 348
 54.56 342
 55.48 338
 56.41 334
 57.33 329
 58.25 325
 59.17 321
 60.09 317
 61.01 314
 61.93 311
 62.85 307
 63.77 304
 64.70 301
 65.62 298
 66.54 296
 67.46 292
 68.38 291
 69.30 288
 70.22 285
 71.13 284
 72.05 282
 72.96 279
 73.88 277
 74.79 276
 75.71 275
 76.62 273
 77.54 271
 78.45 270
 79.37 269
 80.28 268
 81.20 266
 82.12 266
 83.05 265
 83.97 264

 84.90 263
 85.82 262
 86.75 262
 87.67 261
 88.60 261
 89.52 260
 90.45 260
 91.37 260
 92.28 260
 93.21 260
 94.15 259
 95.08 259
 96.01 259
 96.94 259
 97.88 259
 98.81 260
 99.74 260
 100.67 260
 101.61 261
 102.54 261
 103.47 262
 104.39 262
 197.30 1224
 198.23 1227
 199.15 1235
 200.08 1236
 201.00 1242
 201.93 1248
 202.85 1252
 203.77 1261
 204.68 1269
 205.60 1276
 206.52 1281
 207.44 1288
 208.35 1293
 209.27 1308
 210.19 1313
 211.11 1328
 212.02 0
 212.94 487
 213.86 471
 214.77 462
 215.67 465
 216.58 453
 217.49 450
 218.40 448
 219.30 445
 220.21 445
 221.12 443
 222.03 444
 222.93 443
 223.84 447
 224.75 443
 225.67 450
 226.59 454
 227.51 458
 228.43 460
 229.35 465
 230.26 470
 231.18 479
 255.27 698
 256.19 686
 257.12 675
 258.04 669
 258.96 664
 259.88 661
 260.81 661
 261.73 661
 262.65 662
 263.58 662
 264.50 665
 265.43 669
 266.35 678
 267.27 685
 268.20 697
 269.12 718
 270.05 0
 270.97 1233
 271.88 1236
 272.80 1235
 273.71 1234
 274.63 1233
 275.54 279
 8.37 279
 277.37 1232
 278.29 1236
 279.20 1233
 12.06 283
 12.98 284
 13.91 285
 14.83 286
 15.76 287
 16.68 289
 17.60 291
 18.53 292
 19.45 293
 20.37 295
 21.29 298
 22.21 299
 23.13 301
 24.05 304
 24.97 306
 25.90 309
 26.82 311
 27.74 314
 28.66 316
 29.58 319
 30.50 322
 31.42 326
 32.34 329
 33.26 333
 34.17 336
 35.09 340
 36.01 344
 36.93 348
 37.85 352
 38.77 357
 39.68 362
 40.60 367
 41.52 372
 42.44 377
 43.36 383
 44.27 390
 45.19 0
 46.11 403
 47.02 0
 47.94 0

 48.85 380
 49.77 373
 50.69 367
 51.60 361
 52.52 356
 53.44 350
 54.36 345
 55.27 340
 56.19 335
 57.11 331
 58.02 326
 58.94 323
 59.85 319
 60.77 315
 61.69 312
 62.60 309
 63.52 305
 64.45 302
 156.91 540
 157.82 556
 158.74 573
 159.65 591
 160.56 611
 161.48 631
 162.39 653
 163.30 676
 164.22 701
 165.14 728
 166.06 763
 166.98 808
 167.90 857
 168.82 910
 169.74 963
 192.77 1209
 193.70 1212
 194.62 1215
 195.54 1213
 196.50 1240
 197.42 1220
 198.34 1234
 199.26 1232
 200.18 1239
 201.10 1244
 202.02 1249
 202.94 1257
 203.86 1264
 204.78 1270
 205.70 1277
 206.62 1284
 207.53 1293
 208.45 1296
 209.36 1304
 210.28 1317
 211.19 1330
 212.11 504
 213.02 486
 213.94 475
 214.85 466
 215.77 462
 216.68 456
 217.60 452
 218.52 449
 219.43 448
 220.35 447
 221.26 445
 222.18 446
 223.09 444
 224.01 447
 224.92 447
 225.84 451
 226.75 453
 227.67 457
 228.58 460
 229.50 464
 230.42 473
 231.34 483
 232.26 496
 233.18 520
 234.10 339
 326.94 336
 327.85 331
 236.86 1581
 237.78 324
 330.59 320
 331.51 318
 332.43 315
 333.35 312
 334.26 308
 335.18 306
 336.10 304
 337.02 302
 337.93 299
 338.85 297
 339.77 295
 340.68 294
 341.60 292
 342.51 290
 343.43 288
 344.34 287
 345.26 286
 346.17 285
 347.09 283
 348.00 282
 348.92 281
 349.83 280
 350.75 280
 351.67 279
 352.58 279
 353.50 278
 354.42 277
 355.34 277
 356.25 276
 357.17 276
 358.09 276
 359.01 276
 359.92 276
 0.84 276
 1.76 276
 2.68 277
 3.61 277
 4.53 277
 5.45 278
 6.38 278
 7.30 279
 8.23 279
 9.15 280
 10.07 281
 11.00 282
 11.92 283
 12.83 284
 13.75 285
 14.68 286
 15.60 287
 37.15 350
 38.07 354
 38.98 359
 39.90 363
 40.82 369
 41.74 374

 42.65 380
 43.57 386
 44.50 391
 45.42 365
 46.34 413
 47.26 391
 48.18 383
 49.10 376
 50.03 371
 142.99 382
 51.87 358
 52.79 353
 53.71 348
 54.63 413
 147.60 422
 148.52 431
 149.44 440
 150.36 450
 151.28 461
 152.21 472
 153.13 484
 154.05 497
 154.98 510
 155.90 523
 156.81 538
 157.73 554
 158.64 571
 159.56 589
 160.47 608
 161.39 628
 162.30 650
 163.22 674
 164.13 697
 165.05 725
 165.98 757
 166.90 803
 167.81 853
 168.73 908
 169.65 967
 170.57 1035
 171.48 514
 172.40 970
 173.32 0
 174.24 1218
 175.15 1216
 176.07 1214
 176.99 1211
 177.92 1208
 178.84 1206
 179.77 1204
 180.70 1204
 181.63 1201
 182.55 1202
 183.48 1204
 184.41 1202
 185.34 1203
 186.26 1207
 187.19 1205
 188.14 1203
 189.06 1204
 189.99 1204

 282.93 1239
 283.85 1242
 284.78 1246
 285.70 1253
 286.63 1257
 287.56 1258
 288.48 1224
 289.41 1144
 290.33 1060
 291.25 0
 292.18 956
 293.10 903
 294.03 869
 294.95 833
 295.87 799
 296.80 755
 297.72 718
 298.65 686
 299.57 660
 300.49 634
 301.42 612
 302.34 590
 303.26 572
 304.18 552

 305.10 536
 306.02 521
 306.95 507
 307.87 493
 308.79 481
 309.72 469
 310.64 457
 311.57 446
 312.49 435
 339.20 296
 340.12 294
 341.04 293
 341.96 290
 342.88 288
 343.80 288
 344.72 286
 345.64 285
 346.56 284
 347.48 283
 348.39 281
 349.31 281
 350.23 280
 351.15 279
 352.06 278
 352.98 278
 353.90 278
 354.82 276
 355.73 276
 356.65 276
 357.57 276
 358.49 276
 359.41 275
 0.34 276
 1.26 276
 2.18 276
 3.10 277
 4.02 277
 4.94 277
 5.87 278
 6.79 278
 7.71 279
 8.63 280
 9.55 281
 10.48 261
 103.13 261
 104.05 262
 104.97 263
 105.89 264
 106.81 264
 107.73 265
 108.64 266
 109.55 267
 110.46 268
 111.37 269
 112.28 270
 113.20 272
 114.11 273
 115.02 275
 115.93 277
 116.84 278

 117.75 280
 118.65 282
 119.57 284
 120.48 286
 121.40 287
 122.32 289
 123.24 291
 124.15 244
 125.07 297
 125.99 286
 126.91 302
 127.82 305
 128.74 308
 129.66 310
 130.58 313
 131.49 316
 132.41 319
 133.33 324
 134.24 328
 135.16 332
 136.07 338
 136.99 343
 137.91 348
 138.82 354
 139.74 360
 140.65 366
 141.57 372
 142.49 378
 143.41 385
 144.33 393
 145.25 401
 146.17 409
 147.09 417
 148.01 426
 148.93 435
 149.85 445
 150.77 456
 243.21 1444
 244.13 1434
 245.04 1422
 245.96 1406
 246.87 1393
 247.78 1383
 248.70 1372
 249.61 1364
 250.61 1354
 251.53 1345
 252.44 1334
 253.36 1328
 274.55 1232
 275.47 1235
 276.38 1232
 277.30 1232
 278.21 1234
 279.12 1233
 280.04 1237
 280.95 1239
 281.86 1240
 282.77 1241
 283.69 1243
 284.60 1249
 285.51 1253
 286.43 1258
 287.34 1261
 288.26 1240
 289.17 1176
 290.08 1102
 291.00 1035

 291.91 969
 292.82 928
 293.74 884
 294.65 849
 295.57 816
 296.49 771
 297.41 735
 298.32 703
 299.24 673
 300.16 647
 301.08 623
 301.99 601
 302.91 580
 303.83 562
 304.75 544
 305.67 529
 306.60 514
 307.52 500
 308.44 487
 309.36 475
 310.28 464
 311.20 454
 312.13 443
 313.05 433
 313.97 424
 314.88 415
 315.79 408
 316.70 400
 317.60 376
 50.33 369
 51.25 363
 52.18 358
 53.10 352
 54.02 347
 54.93 342
 55.84 337
 56.75 333
 57.66 329
 58.57 325
 59.49 321
 60.40 317
 61.31 313
 62.22 310
 63.13 307
 64.04 304
 64.97 300
 65.88 298
 66.79 295
 67.70 292
 68.61 290
 69.52 288
 70.43 286
 71.34 283
 72.25 282
 73.16 279
 74.07 278
 74.98 276
 75.89 274
 76.80 273
 77.72 271
 78.63 270
 79.54 269
 80.46 268
 81.37 267
 82.29 266
 83.20 265
 84.11 264
 85.03 263
 85.94 262
 86.86 262
 87.78 261
 88.70 261
 89.63 260
 90.55 260
 91.47 260
 92.39 259
 93.31 259
 94.23 259
 95.16 259
 96.08 258
 97.00 260
 121.55 287
 122.47 290
 123.40 292
 124.32 266
 125.24 299
 126.16 290
 127.09 301
 128.01 305
 128.93 308
 129.85 312
 130.78 315
 131.70 320
 132.61 320
 133.54 325
 134.47 329
 135.40 334
 136.33 339
 137.26 344
 230.08 472
 230.99 478
 140.04 361
 140.97 367
 233.75 0
 234.67 0
 235.59 0
 236.51 1589
 237.42 1564
 238.34 1545
 239.26 1527
 240.18 1509
 241.10 1492
 242.02 1475
 242.93 1461
 243.85 1453
 244.78 1434
 245.70 1422
 246.62 1400
 247.54 1390
 248.47 1379
 249.39 1368
 250.31 1359
 251.23 1349
 252.16 1339
 253.08 1332
 254.00 1335
 254.92 707
 255.84 691
 256.76 681
 257.68 671
 258.60 667
 259.51 663
 260.43 662
 261.35 659
 262.27 661
 263.19 661
 264.11 664
 265.04 667
 265.97 673
 266.89 680
 267.82 693
 268.75 708
 269.67 741
 270.60 0
 271.52 1237
 272.45 1234
 273.38 1233
 274.30 1231
 275.23 1233
 276.16 1230
 277.08 280
 9.79 281
 10.71 282
 11.64 283
 12.57 284
 13.49 285
 14.42 286
 15.35 287
 16.27 288
 17.20 290
 18.12 291
 19.05 293
 19.97 294
 20.90 297
 21.82 298
 22.75 300
 23.67 303
 24.60 305
 25.52 308
 26.42 310
 27.34 312
 28.26 315
 29.17 318
 30.09 321
 31.01 324
 31.93 328
 32.85 331
 33.77 334
 34.68 339
 35.60 342
 36.52 346
 61.52 312
 62.43 309
 63.35 306
 64.26 303
 65.18 300
 66.09 297
 67.01 294
 67.92 292
 68.84 289
 69.75 287
 70.67 285
 71.58 283
 72.50 281
 73.41 279
 74.33 277
 75.24 275
 76.16 274
 77.07 272
 77.99 271
 78.90 270
 79.82 268
 80.73 267
 81.65 266
 82.56 265
 83.47 265
 84.39 264
 85.32 263
 86.24 262
 87.16 261
 88.09 261
 89.01 260
 89.94 260
 90.86 260
 91.78 260
 92.71 259
 93.63 259
 94.55 259

 95.48 259
 96.42 259
 97.35 259
 98.28 260
 99.22 1207
 192.15 1209
 193.07 1210
 102.02 261
 102.95 1216
 195.85 1219
 196.78 1225
 197.71 1225
 198.64 1230
 199.56 1231
 200.49 1239
 201.42 1247
 202.35 1250
 203.28 1258
 204.21 1266
 205.12 1269
 206.03 1277
 206.95 1283
 207.86 1293
 208.77 1303
 209.68 1309
 210.60 1324
 211.51 0
 212.42 492
 213.33 476
 214.25 469
 215.16 460
 216.08 459
 216.99 450
 217.91 446
 218.82 446
 219.73 445
 220.65 442
 221.56 444
 222.48 442
 223.39 444
 224.30 446
 225.22 449
 226.13 448
 227.05 458
 227.97 458
 228.89 463
 229.81 469
 230.73 478
 231.65 491
 232.57 505
 233.49 0
 234.41 0
 235.33 0
 236.25 1581
 237.17 1561
 238.09 1542
 239.01 318
 332.06 315
 332.98 312
 333.90 309
 334.82 307
 335.74 304
 336.66 301
 268.51 702
 269.44 727
 270.36 0
 271.28 1234
 272.21 1230
 273.12 1228
 274.04 278
 6.80 278
 7.72 279
 8.64 280
 9.57 280
 10.49 281
 11.42 282
 12.35 284
 13.27 285
 14.20 285
 15.13 286
 16.06 289
 16.98 290
 17.91 291

 18.84 292
 19.77 294
 20.69 296
 21.62 298
 22.55 300
 23.48 302
 24.41 304
 25.34 307
 26.27 310
 27.20 312
 28.12 315
 29.05 318
 29.98 320
 30.91 324
 31.84 327
 32.77 331
 33.71 335
 34.63 338
 35.55 342
 36.48 347
 37.40 351
 38.32 355
 39.24 360
 40.16 365
 41.08 370
 42.01 375
 42.93 381
 43.85 387
 44.77 393
 45.68 381
 46.59 424
 47.51 389
 48.42 382
 49.33 375
 50.24 369
 51.15 363
 52.06 358
 52.98 352
 53.89 348
 54.80 342
 55.73 337
 56.64 332
 57.56 329
 58.47 325
 59.38 461
 152.22 472
 153.14 484
 154.06 497
 63.03 510
 155.90 524
 156.82 538
 157.73 554
 158.65 571
 159.57 590
 160.49 610
 161.41 629
 162.33 651
 163.24 674
 164.16 698
 165.08 725
 166.00 761
 166.92 806
 167.84 854
 168.76 910
 169.68 968
 170.60 1037
 171.53 524
 172.45 994
 173.37 0
 174.29 1218
 175.21 1216
 176.13 1213
 177.04 1210
 177.97 1207
 178.89 1207
 179.82 1204
 180.74 1203
 181.67 1201
 182.59 1203
 183.52 1204