 39.14 445
 40.08 451
 41.00 456
 41.92 462
 42.84 468
 43.76 383
 136.36 383
 137.27 383
 138.19 383
 47.44 384
 140.03 384
 140.95 384
 141.87 385
 142.79 385
 143.71 386
 144.62 386
 145.54 386
 146.46 387
 147.38 389
 148.30 389
 149.22 390
 150.14 391
 151.06 392
 151.98 393
 152.89 99
 153.81 100

 154.73 100
 155.65 102
 156.57 106
 157.49 0
 158.40 999
 159.32 991
 160.24 984
 161.09 974
 162.00 970
 162.92 963

 163.83 958
 164.74 952
 165.66 950
 166.57 945
 167.49 943
 168.40 943
 169.31 954
 170.23 1015
 171.14 1081
 172.06 1427
 172.98 1653
 173.90 1685
 174.82 1697
 175.74 1688
 176.66 1684
 177.58 1684
 178.50 1678
 179.42 1677
 180.34 1675
 181.26 1674
 182.18 1669
 183.09 1670
 275.87 1030
 276.79 1031
 277.71 1031
 278.63 1032
 279.56 821
 280.48 1032
 281.40 1036
 282.32 1040
 283.24 1041
 284.17 1042
 285.09 1046
 286.01 1051
 286.93 1053
 287.86 1058
 288.78 1062
 289.70 1068
 290.62 1070
 291.55 1077
 292.47 1073
 293.39 1135
 294.30 1087
 295.22 1040
 296.13 995
 297.05 956
 297.96 919
 298.88 886
 299.79 853
 323.48 476
 324.40 470
 325.31 463
 326.23 457
 327.14 451
 328.06 446
 328.97 441
 329.89 436
 330.81 430
 331.73 426
 332.64 421
 333.56 417
 334.48 413
 335.40 410
 336.31 406
 337.23 403
 338.16 399
 339.08 397
 340.00 393
 340.92 390
 341.84 388
 342.76 386
 343.69 384
 344.61 382
 345.53 378
 346.45 377
 347.37 375
 348.29 374
 349.20 372
 350.12 371
 351.04 369
 351.96 368
 352.88 366

 85.80 853
 86.71 992
 87.62 990
 356.56 363
 357.48 985
 90.45 984
 91.37 983
 92.29 982
 93.22 981
 94.14 980
 95.07 981
 95.99 981
 96.91 980
 97.84 981
 98.76 983
 99.70 983
 100.61 235
 101.53 984
 102.44 987
 103.35 988
 104.26 992
 105.18 994
 106.09 996
 107.00 981
 107.91 997
 108.83 998
 109.74 991
 110.65 1006

 111.56 1011
 112.47 1024
 113.37 1028
 114.28 1034
 115.19 1041
 116.10 1046
 117.01 1052
 117.92 1060
 118.82 1067
 119.73 1074
 120.64 1082
 121.55 1093
 122.47 1100
 123.39 1110
 124.30 1120
 125.22 1131
 126.14 387
 127.06 385
 127.98 384
 128.90 385
 129.81 384
 130.73 383
 131.65 383
 132.56 383
 133.49 383
 226.40 335
 227.31 341
 228.22 347
 229.13 352
 230.05 359
 230.96 366
 231.86 375
 232.78 381
 233.71 389
 234.63 0
 235.55 0
 236.48 0
 237.40 0
 238.33 1272
 261.60 1056
 262.53 1052
 263.45 1048
 264.38 1044
 265.30 1041
 266.22 1040
 267.14 1038

 268.07 1035
 268.99 1034
 269.91 1032
 270.83 1033
 271.75 1032
 272.67 1030
 273.60 1030
 274.52 1030
 275.44 1030
 276.36 1031
 277.27 1031
 278.19 1031
 279.10 1033
 280.01 1033
 280.92 1034
 281.84 1037
 282.75 1039
 283.66 1043
 284.57 1045
 285.49 1048
 286.40 1052
 287.31 1056
 288.23 1058
 289.14 1064
 290.06 1067
 290.98 1073
 291.90 1072
 292.81 1076
 293.73 1116
 294.65 1064
 295.57 1019
 296.48 977
 297.40 938
 298.33 903
 299.25 870
 300.17 840
 301.10 812
 302.02 787
 302.94 426
 36.22 431
 37.15 435
 305.70 701
 306.63 445
 39.95 450
 40.87 456
 41.80 461
 42.73 467

 43.66 473
 44.59 480
 45.52 486
 46.44 493
 47.37 501
 48.30 508
 49.22 516
 50.14 524
 51.05 533
 51.97 542
 52.89 553
 53.81 562
 54.72 573
 55.64 584
 56.56 596
 57.48 608
 58.39 621
 59.31 635
 60.24 649
 61.15 664
 62.06 681
 62.98 698
 63.89 716
 64.80 735
 65.71 755
 66.62 778
 67.53 801
 68.45 825
 69.36 853
 70.27 880
 71.24 910
 72.16 942
 73.08 979
 74.00 857
 74.92 832
 75.84 819
 76.77 808
 77.69 801
 78.61 802
 79.53 802
 80.45 803
 81.37 801
 82.29 804
 83.21 812
 84.13 817
 85.06 834
 108.26 998
 109.17 1000
 110.08 1390
 110.99 1005
 111.90 1006
 112.82 1024
 113.73 1030
 114.64 1036
 115.44 1041
 116.36 1048
 117.28 1054
 118.20 1062
 119.12 1070
 120.04 1079
 120.97 282
 213.78 284
 122.81 1103
 123.73 1113
 124.65 292
 217.43 295
 218.35 291
 219.27 312
 220.19 308
 221.11 303
 222.03 0
 222.94 322
 223.86 322
 224.78 326
 225.70 332
 226.62 337
 227.55 343
 228.47 349
 229.39 354
 230.31 361
 231.24 370
 232.16 375
 233.08 384
 234.00 392
 234.93 0

 235.85 0
 236.77 505
 237.69 1299
 238.61 1269
 239.53 1253
 240.45 1238
 241.37 1227
 242.28 1215
 243.20 1203
 244.12 1190
 245.04 1181
 245.96 1170
 246.88 1160
 247.80 1151
 248.73 1140
 249.66 1133
 250.59 1125

 251.52 1117
 252.45 1110
 253.38 1103
 254.31 1096
 255.24 1090
 256.17 1083
 257.10 1078
 258.03 1071
 258.95 1066
 259.89 1063
 352.90 366
 353.82 366
 354.74 365
 355.66 364
 356.59 363
 357.51 363
 358.43 362
 359.36 362
 0.29 362
 1.21 361
 2.14 362
 3.07 362
 4.00 361
 4.93 362
 5.86 362
 6.78 362
 7.71 362
 8.64 363
 9.57 364
 10.50 364
 11.42 364
 12.35 366
 13.27 367
 14.20 368
 15.12 369
 16.05 370
 16.97 372
 17.90 373
 18.82 375
 19.75 376
 20.68 378

 21.60 381
 22.52 383
 23.45 385
 46.85 497
 47.77 504
 48.68 512
 49.60 520
 50.52 528
 51.44 538
 52.35 547
 53.27 557
 54.20 567
 55.12 578
 56.03 590
 56.95 602
 57.86 615
 58.78 627
 59.69 642
 60.61 656
 61.52 672
 62.44 689
 63.35 706
 64.27 725
 65.18 745
 66.10 764
 67.01 787
 67.93 811
 68.84 836
 69.76 863
 70.67 890
 71.59 922
 72.50 955
 73.42 991
 74.33 844
 75.25 824
 76.16 813
 77.07 807
 77.98 801
 78.90 802
 79.81 804
 80.72 1649
 173.26 1656
 174.17 1688
 83.45 812
 84.37 1689
 176.94 1684
 177.86 1679
 178.78 1676
 179.71 1673
 180.63 1671
 181.56 1673
 182.48 1670
 183.40 1668
 184.33 1668
 185.25 1669
 186.15 1669
 187.08 1671
 188.01 1667
 188.93 1674
 189.86 1677
 190.79 1678
 191.72 1677
 192.65 1682
 193.58 1684
 194.50 1688
 195.43 1693
 196.36 1698
 197.30 1710
 198.21 428
 199.13 406
 200.04 386
 200.96 366
 201.87 348
 202.79 330
 203.70 314
 204.62 299
 205.53 100
 206.45 104
 207.36 107
 208.27 273
 209.18 0
 210.10 274
 211.01 277
 211.92 279
 212.83 282
 213.75 284
 214.66 286
 215.57 289
 216.48 292
 217.40 295
 218.31 291
 219.23 310
 312.09 586
 313.01 578
 313.92 586
 314.84 548
 315.76 538
 316.67 514
 317.59 526
 318.51 518

 319.43 510
 320.34 502
 321.26 494
 253.66 1100
 254.58 378
 347.07 376
 347.99 374
 348.91 372
 349.82 372
 350.74 370
 351.66 368
 352.57 368
 353.49 366
 354.40 366
 355.32 365
 356.24 364
 357.16 363
 358.07 363
 358.99 362
 359.91 362
 0.83 362
 1.74 361
 2.66 361
 3.58 361
 4.51 362
 5.44 362
 6.37 362
 7.30 362
 8.23 362
 9.15 363
 10.08 364
 11.01 364
 11.94 366
 12.87 365
 13.80 368
 14.72 369
 15.65 370
 16.59 372
 17.52 373
 18.46 374
 19.39 376
 20.33 378
 21.26 379
 22.20 382
 23.13 384
 24.07 387
 25.00 389
 25.95 391
 26.86 394
 27.78 396
 28.69 400
 29.61 403
 30.52 406
 31.44 409
 32.35 412
 33.27 417
 34.18 421
 35.10 425
 36.01 430
 36.93 434
 37.84 439
 38.76 383
 131.40 383
 132.32 383
 133.24 382
 134.15 383
 135.07 382
 135.99 383
 136.91 384
 137.83 383
 138.76 384
 139.68 384
 140.60 385
 141.52 385
 142.44 385
 143.36 386
 144.29 386
 145.21 387
 146.13 388
 147.05 388
 147.97 389
 148.89 390

 149.81 390
 150.73 391
 151.65 392
 152.57 394
 153.49 99

 154.41 100
 155.33 102
 156.25 104
 157.17 108
 158.09 0
 159.00 995
 159.92 984
 160.83 982
 161.74 973
 162.66 966
 163.57 959
 164.49 954
 165.40 952
 166.31 945
 167.23 944
 168.14 941
 192.70 1682
 193.62 1688
 194.55 1688
 195.47 1690
 196.39 1696
 197.32 1719
 198.24 426
 199.17 403
 200.09 384
 201.01 365
 201.94 347
 202.86 328
 203.77 312
 204.69 297
 205.61 100
 206.53 104
 207.45 267
 208.37 274
 209.29 269
 210.21 275
 211.13 277
 212.05 280
 212.97 282
 213.89 284
 214.78 680
 307.72 663
 308.64 647
 309.57 632
 310.49 619
 311.41 601
 312.34 583
 313.26 578
 314.18 599
 315.09 546
 316.00 536
 316.91 529
 317.82 525
 318.73 516
 319.65 508
 320.56 500
 321.47 492
 322.38 485
 323.29 478
 324.20 471
 325.12 465
 326.04 458
 326.96 452
 327.87 447
 328.79 442
 329.71 437
 330.63 432
 331.55 427
 332.47 422
 333.38 418
 334.30 414
 335.22 410
 336.13 407
 337.05 403
 337.97 401
 338.90 397
 339.82 394
 340.74 391
 341.66 388
 342.58 386
 343.50 384
 344.43 382
 345.35 380
 346.27 378
 347.18 376
 348.10 374
 349.02 372
 349.94 371
 350.86 370
 351.78 818
 84.69 827
 85.60 847
 354.54 366
 355.46 990
 88.36 987
 89.28 985
 90.20 984
 91.12 982
 92.05 983
 92.97 982
 93.89 981
 94.81 981
 95.73 980
 96.65 980
 97.64 980
 98.55 981
 99.46 983
 100.37 221
 101.28 981
 102.19 986
 103.11 987
 104.02 991
 104.93 993
 105.84 996
 106.75 988
 107.66 1017
 130.75 383
 131.68 383
 132.62 383
 133.55 383
 134.48 383
 135.41 383
 136.35 383
 137.28 383
 138.21 383
 139.14 384
 140.08 384
 141.01 384
 141.95 385
 142.86 385
 143.77 386

 144.68 386
 145.59 387
 146.50 387
 147.42 389
 148.33 389
 149.24 390
 150.15 391
 151.06 392
 151.97 393
 152.88 395
 153.79 100
 154.71 100
 155.62 103
 156.53 105
 157.45 0
 158.36 999
 159.28 992
 160.19 984
 161.10 975
 162.02 970
 162.93 962
 163.85 959
 164.77 953
 165.69 949
 166.61 946
 167.53 944
 260.74 1058
 261.66 1056
 262.59 1051
 171.21 1049
 264.45 1045
 265.37 1042
 266.30 1040
 267.22 1036
 268.15 1035
 269.07 1034
 270.00 1033
 270.92 1032
 271.85 1032
 272.77 1030
 273.70 1030
 274.62 1030
 275.54 1031
 276.45 1029
 277.37 1030
 278.28 1032
 279.20 1033
 280.11 1034
 281.03 1034
 281.94 1037
 282.86 1040
 283.77 1044
 284.69 1046
 285.61 1049
 286.52 1052
 287.44 1055
 288.35 1058
 289.26 1064
 290.18 1068
 291.09 1074
 292.01 1072
 292.92 1076
 293.83 1112
 294.75 1059
 295.66 1015
 296.58 972
 297.51 934
 298.43 899
 299.36 866
 300.28 837
 301.21 808
 302.13 783
 35.18 425
 303.98 738
 304.91 717
 305.83 698
 38.86 444
 39.78 449
 40.70 455
 41.62 460
 42.54 466
 43.46 472
 44.39 479
 45.31 485
 46.23 492
 337.05 403
 337.96 399
 338.88 397
 339.79 394
 340.80 970
 73.87 862
 74.79 834
 75.70 822
 76.62 812
 77.53 803
 78.45 801
 79.36 802
 80.23 805
 81.15 801
 82.08 804
 83.00 811
 83.92 817
 84.84 830
 85.77 852
 86.69 991
 87.61 990
 88.53 986
 89.46 985
 90.38 983
 91.30 983
 92.23 982
 93.16 982
 94.09 979
 95.02 979
 95.95 979
 96.87 981
 97.80 982
 98.73 981
 99.66 0
 100.59 0
 101.52 985
 102.44 985
 103.35 988
 104.27 991
 105.18 993
 106.09 993
 107.00 984
 107.92 1000
 108.83 998
 109.74 1130
 110.65 1006
 111.57 1010
 112.48 1023
 113.41 1028
 114.31 1033
 115.21 1039
 116.12 1046

 117.02 1053
 117.92 1059
 118.82 1067
 211.54 278
 120.62 1082
 121.53 1091
 122.43 1099
 215.19 288
 216.10 290
 217.02 294
 217.93 295
 218.85 294
 219.76 311
 220.67 306
 221.59 303
 222.50 324
 223.42 319
 224.34 323
 225.25 329
 226.17 334
 227.09 339
 228.01 345
 228.92 351
 229.84 357
 230.76 365
 231.68 371
 232.59 380
 233.51 388
 234.42 398
 235.34 0
 236.25 0
 237.17 0
 238.08 1277
 239.00 1261
 239.91 1248
 240.83 1236
 241.74 1220
 242.66 1209
 243.57 1198
 244.49 1186
 245.41 1176
 246.33 1167
 247.26 1155
 248.18 1148
 249.10 1138
 250.03 1130
 250.95 1122
 251.88 1112
 276.26 1030
 277.18 1030
 278.09 1031
 279.01 1033
 279.93 1032
 280.85 1034
 281.77 1037
 282.68 1040
 283.60 1042
 284.52 1045
 285.44 1047

 286.36 1052
 287.28 1055
 288.19 1057
 289.11 1064
 290.03 1067
 290.94 1073
 291.86 1072
 292.77 387
 25.66 391
 26.58 393
 27.51 396
 28.43 398

 29.35 402
 30.28 405
 31.20 408
 32.11 412
 33.03 416
 33.95 420
 34.86 424
 35.78 429
 36.69 433
 37.61 437
 38.53 442
 39.44 447
 40.36 453
 41.29 458
 42.21 463
 43.12 470
 44.04 476
 44.96 482
 45.87 489
 46.79 496
 47.70 503
 48.62 511
 49.54 519
 50.45 528
 51.37 537
 52.29 546
 53.21 556
 54.13 567
 55.04 577
 55.96 589
 56.88 601
 57.80 614
 58.72 627
 59.64 641
 60.55 655
 61.47 671
 62.39 688
 63.32 706
 64.24 724
 65.15 744
 66.07 764
 66.99 786
 67.91 810
 68.82 835
 69.74 863
 70.66 890
 71.58 922
 72.49 954
 73.41 992
 74.33 844
 75.24 824
 76.16 812
 77.07 807
 169.40 960
 170.32 1019
 171.23 1088
 172.14 1487
 173.06 1651
 173.98 1689
 174.90 1697
 175.82 1686
 176.74 1685
 177.66 1682
 178.58 1678
 179.50 1674
 180.42 1675
 181.34 1675
 182.26 1667
 183.18 1670

 184.09 1666
 185.01 1669
 185.93 1670
 186.84 1668
 187.76 1670
 188.68 1671
 189.60 1674
 190.52 1676
 215.43 288
 216.34 292
 217.26 294
 218.18 292
 219.11 0
 220.03 309
 220.94 304
 221.86 301
 222.78 323
 223.70 320
 224.61 326
 225.53 331
 226.45 336
 227.37 341
 228.28 347
 229.20 353
 230.12 360
 231.04 367
 231.97 375
 232.89 383
 233.82 390
 234.74 0
 235.67 0
 236.59 0
 237.52 0
 238.44 1271
 239.37 1254
 240.29 1240
 241.20 1229
 242.13 1216
 243.06 1203
 244.00 1193
 244.93 1182
 245.86 1171
 246.79 1161
 247.72 1152
 248.65 1141
 249.59 1135
 250.52 1126
 251.45 1118
 344.34 382
 345.26 380
 346.17 378
 347.09 376

 348.01 374
 348.93 372
 349.85 370
 350.77 370
 351.68 368
 352.60 368
 353.52 366
 354.44 366
 355.36 364
 356.28 364
 357.21 363
 358.13 362
 359.05 362
 359.97 362
 0.89 361
 1.81 361
 2.73 360
 3.66 361
 4.58 362
 5.51 362
 6.44 362
 7.36 362
 8.29 362
 9.21 363
 10.14 364
 11.07 364
 11.99 365
 12.92 366
 13.84 367
 14.77 368
 15.69 370
 16.62 371
 17.55 373
 18.47 374
 19.40 376

 20.32 378
 21.25 379
 22.18 381
 23.10 384
 24.03 386
 24.94 389
 25.86 391
 26.77 393
 27.69 396
 28.61 400
 29.52 403
 30.44 405
 31.35 409
 32.27 412
 33.19 417
 34.10 421
 35.02 425
 35.95 429
 128.59 384
 129.51 384
 130.43 383