105.95 1960
 106.85 1944
 107.75 1950
 108.65 1959
 109.55 1738
 110.45 1964
 111.36 1982
 112.26 1994
 113.16 2003
 114.06 2017
 114.96 2028
 115.86 1327
 116.77 1320
 209.68 233

 210.60 232
 211.52 218
 212.44 214
 213.37 208
 214.29 203
 215.21 198
 216.13 193
 217.05 187
 217.96 184
 218.88 180
 219.80 177
 220.72 173
 221.63 170
 222.55 167
 223.47 164
 224.39 162
 225.30 159
 226.22 156
 227.13 154
 228.05 152
 228.97 150
 229.89 148
 230.81 146
 231.73 144
 232.64 142
 233.56 140
 234.48 139
 235.40 137
 236.32 136
 237.24 135
 238.16 133
 239.08 132
 240.00 131
 240.91 130
 241.83 129
 242.75 128
 243.67 127
 244.59 126
 245.51 125
 246.42 125
 247.34 124
 248.26 123
 249.17 123
 250.10 122
 251.02 122
 251.95 121
 252.88 121
 253.80 120
 346.71 0
 347.63 0
 256.58 119
 257.51 119
 258.43 0
 351.31 0
 352.23 0
 353.15 0
 354.06 0
 354.98 0
 355.90 0
 356.82 0
 357.74 0
 358.66 0
 359.59 0
 0.51 0
 1.44 0
 2.36 0
 3.29 0
 4.21 0
 5.14 0
 6.06 0
 6.99 0
 7.91 0
 8.84 0
 9.76 0
 10.68 0
 11.60 0
 12.53 0
 13.45 0
 14.37 0
 15.30 0
 16.22 0
 17.15 0
 18.07 0
 18.99 0
 19.92 0
 20.84 0
 45.08 108
 46.00 110
 46.93 112
 47.85 114
 48.77 116
 49.69 118
 50.62 121
 51.54 123
 52.46 126
 53.38 128
 54.31 131
 55.23 134
 56.16 137
 57.08 141
 57.99 144
 58.91 148
 59.82 152
 60.74 156
 61.65 161
 62.57 165
 63.48 170
 64.40 175
 65.31 180
 66.23 186
 67.15 192
 68.07 199
 68.98 206
 69.90 214
 70.82 223
 71.73 232
 72.65 241
 73.56 252
 74.48 264
 75.40 277
 76.31 292
 77.23 309
 78.14 327
 79.06 348
 79.98 371
 80.89 400
 81.81 425
 82.73 442
 83.65 496
 84.57 514
 85.49 603
 86.40 673
 87.32 760
 88.24 876
 89.24 1966
 182.03 1962
 182.96 1966
 183.88 1961
 184.81 1965
 185.74 1866
 186.66 1663
 187.59 1296
 188.50 1131
 189.42 961
 190.35 838
 191.27 741
 192.19 665
 193.12 604
 194.04 553
 194.97 510
 195.89 473
 196.81 442
 197.74 415
 198.66 390
 199.59 369
 200.51 349
 201.43 332
 202.34 316
 203.26 302
 204.18 290
 205.10 279
 206.02 268
 206.94 258
 207.85 254
 208.77 103
 209.69 233
 210.61 232
 211.53 218
 212.44 214
 213.36 208
 214.28 203
 215.20 198
 216.11 193
 217.03 187
 217.95 185
 218.87 181
 219.78 177
 220.70 173
 221.62 170
 222.54 167
 223.45 164
 224.37 162
 225.29 159
 318.08 0
 318.99 0
 319.91 0
 251.87 121
 252.79 121
 253.72 120
 254.64 120
 255.56 119
 256.48 119
 257.41 119
 258.33 119
 259.25 119
 260.17 118
 352.95 0
 353.87 0
 262.94 118
 263.86 118
 264.79 0
 357.55 0
 358.47 0
 359.39 0
 0.30 0
 1.22 0
 2.14 0
 3.06 0
 3.98 0
 4.90 0
 5.82 0
 6.75 0
 7.68 0
 8.61 0
 9.54 0
 10.47 0
 11.40 0
 12.33 0
 13.26 0
 14.19 0
 15.12 0
 16.05 0
 16.99 0
 17.91 0
 18.83 0
 19.75 0
 20.67 0
 21.59 0
 22.52 0
 23.44 0
 24.36 0
 25.28 0
 26.20 0
 27.12 0
 28.04 0
 28.96 0
 29.88 0
 30.80 0
 31.72 0
 32.64 0
 33.56 0
 34.48 0
 35.40 0
 36.32 0
 37.24 0
 38.16 0
 39.09 97
 40.01 99
 40.94 100
 41.86 102
 42.79 104
 43.71 105
 44.64 107
 45.56 109
 46.49 111
 47.41 113
 48.34 115
 49.26 117
 50.18 120
 51.10 122
 52.03 125
 52.95 127
 53.87 130
 54.79 133
 55.72 136
 56.64 140
 57.56 143
 58.48 147
 59.41 150
 60.33 154
 61.26 159

 153.84 100
 154.75 98
 155.67 2208
 156.59 105
 157.51 2179
 158.42 2159
 159.34 2144
 160.26 2133
 161.17 2118
 162.08 2099
 162.99 2087
 163.90 2078
 164.81 2066
 165.71 2051
 166.62 2045
 190.00 872
 190.92 769
 191.84 687
 192.76 621
 193.68 567
 194.61 522
 195.54 484
 196.47 450
 197.40 422
 198.33 396
 199.27 374
 200.20 354
 201.13 336
 202.06 321
 202.99 306
 203.92 294
 204.84 282
 205.76 271
 206.67 261
 207.59 254
 208.50 102
 209.42 234
 210.33 232
 211.25 218
 212.16 216
 213.08 210
 213.99 205
 214.91 199
 215.83 194
 216.75 189
 217.66 186
 218.58 182
 219.49 180
 220.41 174
 221.32 171
 222.24 168
 223.15 165
 224.07 162
 224.98 160
 225.90 157
 226.83 155
 227.75 152
 228.68 150
 229.60 148
 230.52 146
 231.45 144
 324.52 0
 325.44 0
 234.22 139
 235.14 138
 236.07 0
 329.11 0
 330.03 0
 330.95 0
 331.87 0
 332.79 0
 333.71 0
 334.62 0
 335.54 0
 336.46 0
 337.38 0
 338.30 0
 339.23 0
 340.15 0
 341.07 0
 341.99 0
 342.92 0
 343.84 0
 344.76 0
 345.68 0
 346.61 0
 347.53 0
 348.44 0
 349.36 0
 350.28 0
 351.20 0
 352.12 0
 353.04 0
 353.97 0
 354.89 0
 355.81 0
 356.73 0
 357.65 0
 358.57 0
 359.49 0
 0.42 0
 1.34 0
 2.27 0
 3.19 0
 4.12 0
 5.04 0
 5.97 0
 6.89 0
 7.82 0
 8.74 0
 9.67 0
 10.59 0
 11.52 0
 12.44 0
 13.37 0
 37.68 0
 38.60 97
 39.52 98
 40.44 99
 41.36 101
 42.27 103
 43.19 104
 44.11 106
 45.04 108
 45.96 110
 46.87 112
 47.79 114
 48.70 116
 49.62 118
 50.53 120
 51.45 123
 52.36 125
 53.28 128
 54.19 131
 55.11 134
 56.02 137
 56.94 140
 57.86 144
 58.78 148
 59.70 152
 60.62 156
 61.53 160
 62.45 165
 63.37 170
 64.29 175
 65.21 180
 66.13 186
 67.06 192
 67.98 2134
 160.81 2121
 161.73 2103
 162.64 2092
 163.56 2080
 164.47 2074
 165.39 2059
 166.32 2052
 167.24 2038
 168.15 2032
 169.07 2021
 169.98 2013
 170.90 2002
 171.81 1994
 172.73 2004
 173.64 1954
 174.56 2017

 175.47 1976
 176.39 1972
 177.31 1971
 178.23 1969
 179.16 1966
 180.08 1965
 181.00 1968
 181.92 1963
 182.85 1966
 183.77 1962
 184.69 1963
 185.61 1857
 186.54 1720
 187.46 1333
 188.39 1154
 189.31 977
 190.24 850
 191.16 751
 192.08 674
 193.01 610
 193.93 558
 194.86 515
 195.78 477
 196.70 445
 197.63 418
 198.55 392
 199.47 371
 200.39 351
 201.31 334
 202.23 318
 294.98 144
 295.90 139
 296.81 134
 297.73 129
 298.64 125
 299.56 121
 300.48 117
 301.41 113
 302.33 111
 303.25 108
 304.17 105
 305.09 102
 306.01 100
 306.94 0
 307.86 0
 308.78 0
 309.70 0
 310.62 0
 311.53 0
 312.45 0
 336.15 0
 337.07 0
 338.00 0
 338.92 0
 339.84 0
 340.76 0
 341.69 0
 342.61 0
 343.53 0
 344.45 0
 345.37 0
 346.30 0
 347.22 0
 348.14 0
 349.06 0
 349.98 0
 350.90 0

 351.83 0
 352.75 0
 353.67 0
 354.59 0
 355.51 0
 356.44 0
 357.36 0
 358.28 0
 359.20 0
 0.13 0
 1.05 0
 1.97 0
 2.89 0
 3.82 0
 4.74 0
 5.67 0
 6.60 0
 7.53 0
 8.45 0
 9.38 0
 10.31 0
 11.24 0
 12.17 0
 13.10 0
 14.02 0
 14.95 0
 15.88 0
 16.81 0

 17.73 0
 18.66 0
 19.58 0
 20.51 0
 21.43 0
 22.36 0
 23.28 0
 24.21 0
 25.13 0
 26.06 0
 26.98 0
 27.91 0
 28.83 0
 29.76 0
 30.68 0
 31.60 0
 32.52 0
 33.45 0
 34.37 0
 35.29 0
 36.21 0
 37.14 0
 38.06 0
 38.98 97
 39.91 99
 40.83 831
 133.72 820
 134.64 803
 135.56 812
 136.48 830
 137.40 842
 138.31 861
 139.23 873
 140.15 891
 141.07 907
 141.99 921
 142.91 938
 143.84 0
 144.76 2541
 145.68 2481
 146.60 2447
 147.52 2385
 148.44 2363
 149.36 2341
 150.28 2308
 151.20 2292
 152.11 2296
 153.03 2272
 153.95 100
 154.87 98
 155.79 2215
 156.71 106
 157.62 2176
 158.54 2155
 159.46 2143
 183.35 1959
 184.27 1962
 185.20 1934
 186.12 1830
 187.05 1495
 187.97 1290
 188.90 1048
 189.82 903
 190.75 792
 191.67 707
 192.60 637
 193.52 581
 194.43 534
 195.35 494
 196.27 460
 197.19 431
 198.11 404
 199.03 381
 199.96 360
 200.88 342
 201.80 325
 202.72 311
 203.64 298
 204.56 285
 205.49 274
 206.40 264
 207.32 255
 208.23 101
 209.14 234
 210.05 232
 210.97 222
 303.86 106
 212.79 212
 213.70 206
 214.62 201
 307.61 0
 308.53 0
 309.44 0
 310.36 0
 311.27 0
 312.19 0
 313.11 0
 314.02 0
 314.94 0
 315.86 0
 316.78 0
 317.70 0
 318.62 0
 319.54 0
 320.46 0
 321.37 0
 322.29 0
 323.21 0
 324.13 0
 325.05 0
 325.97 0
 326.89 0
 327.81 0
 328.72 0
 329.64 0
 330.56 0
 331.47 0
 332.39 0
 333.30 0
 334.22 0
 335.14 0
 336.05 0
 336.97 0
 337.88 0
 338.80 0
 339.73 0
 340.65 0
 341.57 0
 342.50 0
 343.42 0
 344.35 0
 345.27 0
 346.19 0
 347.1.73 0
 352.65 0
 353.57 0
 354.50 0
 355.42 0
 3.73 0
 352.65 0
 353.57 0
 354.50 0
 355.42 0
 356.34 0
 357.26 0
 358.18 0
 359.10 0
 0.02 0
 0.95 0
 1.87 0
 2.80 0
 3.72 0
 4.65 0
 5.57 0
 6.50 168
 31.74 0
 32.66 0
 33.59 0
 34.51 0
 35.29 0
 36.21 0
 37.13 0
 38.04 0
 38.96 97
 39.88 99
 40.80 100
 41.72 102
 42.64 103
 43.55 105
 44.47 107
 45.39 109
 46.30 111
 47.23 113
 48.15 115
 49.08 903
 141.89 920
 142.81 934
 143.74 968
 144.66 0
 145.57 2481
 146.49 2446
 147.41 2378
 148.34 2367
 149.26 2356
 150.18 2310
 151.10 2285
 152.02 2306
 152.94 2273
 153.87 100
 154.79 98
 155.71 2209
 156.63 105
 157.54 2180
 158.46 2160
 159.37 2143
 160.28 2132
 161.20 2115
 162.11 2100
 163.03 2086
 163.94 2077
 164.85 2067
 165.77 2054
 166.68 2043
 167.60 2032
 168.51 2027
 169.43 2021
 170.34 2011
 171.25 1990
 172.16 1997
 173.08 1974
 173.99 1976
 174.90 2007
 175.81 1972

 176.73 1974
 177.64 1967
 178.63 1962
 179.55 1965
 180.47 1966
 181.39 1962
 182.31 1960
 183.23 115
 276.17 116
 277.09 116
 185.98 1825
 186.90 117
 279.80 117
 280.71 118
 281.63 118
 282.54 119
 283.46 119
 284.37 120
 285.29 121
 286.20 124
 287.12 0
 288.03 0
 288.94 0
 289.86 0
 290.77 178
 291.69 170
 292.60 162
 293.52 155
 294.43 148
 295.35 142
 296.26 137
 297.18 132
 298.09 127
 299.01 123
 299.92 119
 300.84 115
 301.77 112
 302.69 109
 303.62 106
 304.54 104
 305.47 101
 306.39 99
 329.35 0
 330.26 0
 331.18 0
 332.09 0
 333.01 0
 333.93 0
 334.86 0
 335.78 0
 336.70 0
 337.62 0
 338.55 0
 339.47 0
 340.39 0
 341.31 0
 342.24 0
 343.16 0
 344.08 0
 345.00 0
 345.92 0
 346.84 0
 347.76 0

 348.68 0
 349.60 0
 350.52 0
 351.44 0
 352.36 0
 353.28 0
 354.20 0
 355.12 0
 356.04 0
 356.96 0
 357.87 0
 358.79 0
 359.71 0
 0.63 0
 1.55 0
 2.47 0
 3.38 0
 4.30 0
 5.22 0
 6.14 0
 7.07 0
 7.99 0
 8.92 0
 9.85 0
 10.78 1923
 103.93 1927
 104.86 1914
 13.56 0
 14.49 1942
 107.59 1948
 108.49 1957
 109.39 1952
 110.29 2163
 111.20 1976
 112.10 1990
 113.00 1998
 113.90 2011
 114.80 2027
 115.70 1330
 116.61 1322
 117.53 1314
 118.44 1307
 119.36 1302
 120.28 1296
 121.20 1291
 122.11 1282
 123.03 1274
 123.95 1304
 124.87 1392
 125.78 2222
 126.70 2251
 127.62 936
 128.54 913
 129.46 890
 130.37 871
 131.29 856
 132.21 839
 133.13 827
 134.05 813
 134.97 805
 135.88 819
 136.80 836
 137.72 847
 138.64 868
 139.56 880
 140.48 895
 141.40 911
 142.32 926
 143.24 944
 144.17 0
 145.09 2496
 146.01 2459
 146.93 2438
 147.85 2375
 148.77 2348
 149.69 129
 242.55 128
 243.46 127
 244.38 126
 175.83 1972
 176.75 1973
 177.68 1969
 178.60 1964
 179.52 1966

 180.44 1966
 181.36 1962
 182.28 1962
 183.20 1962
 276.04 115
 276.95 116
 277.86 116
 278.77 117
 279.69 117
 280.60 118
 281.51 118
 282.43 119
 283.34 119
 284.25 120
 285.17 121
 286.08 123
 286.99 0
 287.90 0
 288.81 0
 289.72 0
 290.64 181
 291.55 171
 292.46 163
 293.37 156
 294.28 149
 295.20 143
 296.11 138
 297.03 133
 297.94 128
 298.86 124
 299.77 120
 300.69 116
 301.60 113
 302.52 110
 303.43 107
 304.34 104
 305.26 102
 306.18 99
 307.10 0
 308.02 0
 308.94 0
 309.87 0
 310.79 0
 311.71 0
 312.63 0
 313.55 0
 314.47 0
 315.39 0
 316.31 0
 317.22 0
 318.14 0
 319.05 0
 319.97 0
 320.88 0
 321.80 0
 322.71 0
 323.63 0
 324.54 0
 325.46 0
 326.37 0
 327.28 0
 60.00 153
 60.92 157
 61.84 162
 62.75 166
 63.67 171
 64.59 176
 65.51 182
 66.43 188
 67.34 194
 68.26 201
 69.18 208
 70.10 216
 71.01 225
 71.93 234
 72.85 244
 73.77 255
 74.68 267
 75.60 281
 76.52 295
 77.43 312
 78.35 331
 79.26 352
 80.17 376
 81.08 404
 82.00 436
 82.91 447
 83.82 497
 84.73 522
 85.65 612
 86.56 682
 87.47 773
 88.40 891
 89.32 1055
 90.25 1305
 112.54 1993
 113.45 2008
 114.35 2023
 115.26 2036
 116.17 1326
 117.08 1317
 117.98 1311
 118.89 1305
 119.80 1299
 120.72 1293
 121.64 1281
 122.56 1276
 123.48 1280
 124.40 1343
 125.32 1462
 126.24 2239
 127.16 948
 128.08 922
 129.00 902
 129.92 881
 130.84 863
 131.76 847
 132.69 832
 133.61 820
 134.53 798
 135.45 812
 136.38 828
 137.30 841
 138.22 859
 139.14 872
 140.07 888
 140.99 904
 141.90 919
 142.82 138
 235.55 137
 236.47 136
 237.39 134
 238.32 133
 239.24 132
 240.16 131
 241.07 130
 242.00 129
 242.92 128
 243.85 127
 244.78 126
 245.70 125
 246.63 125
 247.55 124
 248.48 123
 249.41 123
 250.33 122
 251.26 121
 252.18 121
 253.10 121
 254.02 120
 254.95 120
 255.87 119
 256.79 119
 257.71 119
 258.63 119
 259.55 118
 260.48 118
 261.40 118
 262.32 118
 263.23 118
 264.15 118
 265.07 118
 265.99 118
 266.91 118
 267.83 118
 268.75 119
 269.67 119
 270.59 119
 271.51 118
 272.43 118
 273.35 115
 274.28 115
 275.19 115
 276.10 116
 277.02 116
 277.93 116
 278.84 117
 279.75 0
 12.47 0
 281.57 118
 282.49 119
 283.40 120
 16.16 0
 17.09 0
 18.01 0
 18.94 0
 19.86 0
 20.79 0
 21.71 0
 22.64 0
 23.56 0
 24.48 0
 25.40 0
 26.32 0
 27.24 0
 320.18 0
 321.10 0
 322.02 0
 322.94 134
 55.97 137
 56.89 140
 57.81 144
 58.73 147
 59.65 152
 60.57 155
 61.49 160
 62.41 165

 63.33 169
 64.25 174
 65.18 180
 66.10 186
 67.02 191
 67.94 198
 68.86 205
 69.78 213
 70.67 221
 71.59 231
 72.50 240
 73.42 251
 74.33 263
 75.25 275
 76.16 290
 77.08 306
 77.99 324
 78.91 344
 79.82 367
 80.74 394
 81.65 411
 82.57 438
 83.49 491
 84.41 506
 85.33 590
 86.25 656
 87.18 739
 88.10 845
 89.02 990
 89.94 1206
 90.86 1539
 91.78 1848
 92.69 1904
 93.62 1713
 94.54 1689
 95.47 1680
 96.40 1687
 97.33 1689
 98.25 162
 99.18 1884
 100.11 318
 101.04 1914
 101.96 1911
 102.89 1922
 103.82 1927
 104.73 1929
 105.64 1978
 198.18 402
 199.10 380
 200.02 359
 200.95 341
 201.87 324
 202.78 310
 203.70 296
 204.61 285
 205.53 274
 206.45 263
 207.37 255
 208.28 101
 209.20 234
 210.12 232
 211.04 218
 211.95 217
 212.87 211
 213.80 206
 214.71 201
 215.62 196
 216.53 1912
 222.00 169
 222.91 166
 223.82 163
 224.73 160
 225.65 12
 222.00 169
 222.91 166
 223.82 163
 224.73 160
 225.65 158
 226.56 155
 227.48 153
 228.40 151
 229.32 149
 230.23 147
 231.15 145
 232.07 143
 232.99 141
 233.90 140
 234.82 138
 258.72 119
 259.64 118
 260.56 118
 261.48 118
 262.40 118
 263.32 118
 264.23 118
 265.15 118
 266.07 118
 266.99 118
 267.91 118
 268.83 118
 269.76 119
 270.67 119
 271.59 118
 272.50 118
 273.42 115
 274.33 115
 275.25 115
 276.16 116
 277.08 116
 277.99 116
 278.91 117
 279.82 117
 280.73 118
 13.56 0
 14.49 0
 15.41 0
 16.34 0
 17.26 0

 18.19 0
 19.11 0
 20.03 0
 20.95 0
 21.87 0
 22.79 0
 23.71 0
 24.63 0
 25.56 0
 26.48 0
 27.40 0
 28.32 0
 29.24 0
 30.16 0
 31.08 0
 32.00 0

 32.92 0
 33.84 0
 34.76 0
 35.68 0
 36.59 0
 37.51 0
 38.43 96
 39.35 98
 40.27 99
 41.19 101
 42.11 102
 43.03 104
 43.96 106
 44.88 108
 45.80 109
 46.72 111
 47.65 114
 48.57 116
 49.49 118
 50.41 120
 51.34 123
 52.26 125
 53.19 128
 54.11 131
 55.03 134
 55.95 137
 56.87 140
 57.79 144
 58.72 147
 59.64 151
 60.56 155
 61.48 160
 62.40 164
 63.32 169
 64.25 174
 65.17 180
 66.08 185
 67.00 191
 67.92 198
 68.84 205
 69.75 213

 162.32 2095
 71.59 230
 72.51 240
 73.42 251
 74.34 2054
 166.90 2039
 167.81 2035
 168.73 2022
 169.64 2016
 170.56 2006
 171.48 1988
 172.39 2006
 173.31 1958
 106.20 1940
 107.12 1945
 108.03 1955
 108.95 342
 201.81 325
 202.73 311
 203.64 297
 204.56 285
 205.48 274
 206.40 264
 207.32 255
 208.24 101
 209.16 234
 210.08 232
 210.99 218
 211.91 217
 212.83 211
 213.75 206
 214.66 201
 215.58 196
 216.50 191
 217.42 190
 218.33 183
 219.25 178
 220.17 175
 221.09 172
 222.01 169
 222.92 166
 223.84 163
 224.76 160
 225.68 158
 226.60 155

 227.52 153
 228.43 151
 229.35 149
 230.27 147
 231.18 145
 232.10 143
 233.03 141
 233.95 140
 234.87 138
 235.79 137
 236.72 135
 237.64 134
 238.56 133
 239.48 132
 240.41 130
 241.33 129
 242.25 128
 243.18 127
 244.10 127
 245.03 126
 245.95 0
 338.78 0
 339.69 0
 340.61 0
 249.65 122
 250.58 0
 343.36 0
 344.28 0
 345.20 0
 346.11 0
 347.03 0
 347.94 0
 348.86 0
 349.78 0
 350.69 0
 351.61 0
 352.52 0
 353.44 0
 354.36 0
 355.28 0
 356.20 0
 357.12 0
 358.04 0
 358.96 0
 359.88 0
 0.80 0
 1.72 0
 2.64 0
 3.56 0
 4.49 0
 5.41 0
 6.34 0
 7.26 0
 8.19 0
 9.11 0
 10.04 0
 10.96 0
 11.89 0
 12.81 0
 13.74 0
 14.66 0
 15.59 0
 16.51 0
 17.44 0
 18.37 0
 19.30 0
 20.22 0
 21.15 0
 44.48 107
 45.40 109
 46.32 111
 47.24 113
 48.16 115
 49.08 117
 50.00 119
 50.91 121
 51.83 124
 52.75 127
 53.67 129
 54.59 133
 55.51 135

 56.42 139
 57.34 142
 58.26 146
 59.18 150
 60.10 153
 61.01 158
 61.93 162
 62.84 167
 63.76 171
 64.67 177
 65.59 182
 66.50 188
 67.42 194
 68.33 201
 69.25 209
 70.17 216
 71.08 225
 71.99 234
 72.90 244
 73.81 255
 74.72 267
 75.62 281
 167.96 2029
 77.44 313
 78.35 331
 79.26 353
 80.17 1985
 172.55 2009
 173.47 1956
 174.38 2010
 175.30 1980
 176.22 1978
 177.14 1973
 178.05 1966
 178.97 1968
 179.89 1965
 180.81 1964
 181.72 1964
 182.64 1964
 183.56 1960
 184.47 1963
 185.39 1949
 186.30 1928
 187.22 1463
 188.14 1212
 189.05 1020
 189.97 880
 190.88 776
 191.80 693
 192.72 626
 193.65 572
 194.57 526
 195.49 488
 196.41 454
 197.33 425
 198.25 399
 199.18 377
 200.10 357
 201.02 339
 201.94 323
 202.86 308
 203.77 295
 204.69 284
 205.61 273
 206.52 263
 207.44 255
 208.35 101
 209.27 234
 210.19 232
 211.10 218
 212.02 217
 212.93 211
 213.84 205
 214.75 200
 307.55 0
 308.48 0
 309.41 0
 310.34 0
 311.27 0
 312.19 0
 313.11 0
 314.03 0
 314.96 0
 315.88 0
 316.80 0
 317.72 0
 318.64 0