272.83 1922
 5.45 1913
 6.38 1923
 7.30 1468
 8.22 1164
 9.15 1007
 10.07 886
 11.00 791
 11.92 712
 12.84 647
 13.77 593
 14.69 547
 15.62 507
 16.55 472
 17.47 443
 18.40 416
 19.33 393
 20.25 372
 21.18 353
 22.10 335
 23.03 320
 23.96 307
 24.88 295
 25.81 284
 26.72 273
 27.64 263
 28.56 254
 29.48 246
 30.40 238
 31.32 231
 32.24 224
 33.16 218
 34.08 213
 35.00 207
 35.92 202
 36.84 198
 37.76 193
 38.68 189
 39.60 185
 40.52 181
 41.44 178
 42.36 174
 43.29 171
 44.21 168
 45.13 165
 46.05 163
 46.97 160
 47.89 158
 48.81 155
 49.73 153
 50.65 151
 51.58 149
 52.50 147
 53.42 140
 146.27 138
 147.19 137
 56.18 141
 57.11 139
 149.95 133
 150.86 132
 151.78 131
 152.70 130
 153.62 0
 154.54 0
 155.46 0
 156.37 127
 157.29 124
 158.21 126
 159.13 124
 160.04 124
 160.96 124
 161.87 123
 162.79 123
 163.70 123
 164.62 122
 165.53 122
 166.45 122
 167.36 121
 168.28 121
 169.19 121
 170.10 121
 171.02 120
 171.94 120
 172.86 120
 173.78 120
 174.70 120
 175.63 120
 176.55 121
 177.47 121
 178.39 121
 179.31 121
 180.23 121
 181.15 121
 182.07 122
 182.99 122
 183.91 122
 184.83 123
 185.75 123
 186.66 123
 187.58 124
 212.21 151
 213.12 153
 214.04 155
 214.95 155
 215.87 159
 216.78 161
 217.70 161
 218.61 167
 219.53 167
 220.44 169
 221.36 172
 222.27 175
 223.19 177
 224.10 180
 225.02 183
 225.93 186
 226.85 189
 227.77 192
 228.69 195
 229.60 199
 230.52 625
 323.51 640
 324.43 656
 325.35 668
 234.20 685
 327.18 700
 328.10 716
 329.01 736
 329.93 755
 330.85 0
 331.77 2220
 332.69 2216
 333.61 2186
 334.52 2170
 335.44 2156
 336.36 2140
 337.28 2122
 338.19 2107
 339.11 2089
 340.02 2078
 340.94 2064
 341.85 2050
 342.77 2034
 343.68 2031
 344.60 2016
 345.51 2006
 346.43 1992
 347.34 1990
 348.27 1979
 349.19 1972
 350.11 1966
 351.02 1963
 351.94 1952
 352.86 1950
 353.78 1942
 354.70 1939
 355.62 1935
 356.53 1933
 357.45 1932
 358.37 1927
 359.32 1925
 0.24 1923
 1.17 1924
 2.09 1923
 3.01 1918
 3.93 1919
 4.86 1921
 5.78 1909
 6.70 1793
 7.62 1226
 8.55 1108
 9.47 965
 10.39 127
 103.39 128
 104.31 129
 105.22 130
 106.13 130
 107.04 131
 107.95 132
 108.86 133
 109.78 134
 110.69 135
 111.60 136
 112.50 137
 113.41 138
 114.32 139
 115.23 140
 116.14 0
 117.05 118
 117.95 125
 118.86 145
 119.77 152
 120.67 145
 121.59 145
 122.51 146
 123.43 148
 124.35 150
 125.27 152
 126.19 154
 127.11 156
 152.27 131
 153.18 132
 154.10 0
 155.02 0
 155.94 129
 156.85 122
 157.77 125
 158.68 127
 159.59 123
 160.50 124
 161.42 124
 162.33 123
 163.24 123
 164.15 122
 165.07 122
 165.98 122
 166.90 121
 167.82 121
 168.74 121
 169.65 121
 170.57 121
 171.49 120
 172.41 120
 173.33 120
 174.25 120
 175.16 120
 176.08 121

 177.00 121
 177.93 121
 178.87 121
 179.81 121
 180.75 121
 181.69 122
 182.63 122
 183.57 122
 184.51 1864
 185.45 123
 186.39 123
 187.33 124
 188.27 1879
 281.09 1886
 282.00 1888
 282.91 1896
 283.82 1898
 284.73 1908
 285.65 1914
 286.56 1914
 287.47 1918
 288.38 1938
 289.30 1946
 290.21 1960
 291.13 1974
 292.05 1979
 292.96 1993
 293.88 2007
 294.79 2024
 295.71 2033
 296.63 2047
 297.54 2069
 298.46 2082
 299.37 2100
 300.29 2117
 301.22 2132
 302.14 2155
 303.07 2174
 303.99 2192
 304.92 2223
 305.84 2238
 306.77 2265
 307.69 2294
 308.62 729
 309.54 712
 310.47 698
 311.39 683
 312.30 670
 313.22 658
 314.13 648
 315.05 636
 315.96 627
 316.88 619
 317.79 609
 318.71 600
 319.62 592
 320.54 598
 321.45 613
 322.37 624
 55.35 142
 56.27 141
 57.19 139
 58.12 138
 59.04 137
 59.96 135
 60.87 134
 61.79 133
 62.70 132
 63.62 131
 64.54 130
 65.46 129
 66.37 129
 67.29 128
 90.68 122
 91.60 122
 92.51 123
 93.43 123
 2.10 1921
 95.28 123
 96.22 124
 97.15 124
 98.08 125

 99.02 125
 99.95 126
 100.89 126
 101.82 127
 102.75 128
 103.69 128
 104.62 129
 105.54 130
 106.45 130
 107.35 131
 108.26 132
 109.16 133
 110.07 134
 110.97 135
 111.88 136
 112.78 137
 113.69 138
 114.59 140
 115.50 141

 116.41 0
 117.33 119
 118.24 130
 119.16 147
 120.08 158
 120.99 143
 121.91 145
 122.82 147
 123.74 149
 124.66 150
 125.57 152
 126.49 154
 127.40 156
 128.40 158
 129.40 161
 130.40 174
 131.40 171
 132.40 168
 133.40 166
 134.40 163
 135.40 160
 136.40 158
 137.40 155
 138.40 153
 139.31 151
 140.23 149
 141.16 147
 234.19 220
 235.11 225
 236.03 230
 236.96 235
 237.88 240
 238.80 247
 239.72 253
 240.64 260
 241.56 267
 242.48 275
 243.40 283
 244.33 291
 245.25 300
 246.17 310
 247.09 321
 248.01 333
 248.93 345
 249.86 359
 250.79 373
 251.71 389
 252.64 406
 253.57 410
 254.50 431
 255.42 453
 256.35 473
 257.28 518
 258.21 553
 259.13 589
 260.06 631
 260.98 678
 261.90 735
 262.82 803
 263.75 883
 264.67 980
 265.59 1105
 266.51 1272
 267.43 1481
 268.35 1761
 269.28 1862
 270.20 1858
 271.12 1862
 272.03 1858
 272.95 1863
 273.86 1861
 274.78 1863
 300.62 2122
 301.55 2138
 302.47 2163
 303.40 2180
 304.32 2203
 305.25 2224
 306.17 2244
 307.10 2274
 308.03 2299
 308.96 724
 309.88 707
 310.81 694
 311.73 679
 312.66 666
 313.58 657
 314.51 162
 315.43 633
 316.36 624
 317.28 616
 318.21 153
 51.05 150
 51.97 149
 52.89 147
 53.81 145
 54.73 143
 55.66 142
 56.58 140
 57.50 139
 58.43 137
 59.35 136
 60.27 135
 61.20 134
 62.12 133
 63.04 132
 63.96 131
 64.88 130
 65.80 129
 66.73 128
 67.65 128
 68.57 127
 69.49 126
 70.41 126
 71.33 125
 72.24 125
 73.16 124
 74.08 124
 75.00 123
 75.92 123
 76.84 123
 77.75 122
 78.67 122
 79.59 122
 80.51 122
 81.43 122
 82.35 121
 83.27 121
 84.19 121
 85.11 121
 86.03 121
 86.95 121
 87.87 122
 88.79 122
 89.71 122
 90.63 122
 91.55 122
 92.48 123
 93.41 123
 94.33 123
 95.26 123
 96.19 124
 97.12 124
 98.05 125
 98.98 125
 99.90 126
 100.83 126
 101.76 127
 102.68 127
 103.59 130
 197.08 131
 198.01 131
 198.93 132
 199.85 133
 200.78 134
 201.70 136
 202.63 136
 203.55 138
 204.46 139
 205.38 140
 206.30 141
 207.21 143
 208.13 0
 209.04 143
 209.96 148
 210.88 148
 211.79 150
 212.71 152
 213.63 154
 214.54 155
 215.46 160
 216.37 160
 240.92 262
 241.83 270
 242.75 277
 243.66 285
 244.57 294
 245.48 303
 246.40 313

 247.31 325
 248.23 336
 249.16 349
 250.08 362
 251.01 377
 251.93 393
 252.86 411
 253.78 428
 254.71 435
 255.63 465
 256.56 479
 257.48 527
 258.41 561
 259.32 599
 260.24 642
 261.17 692
 262.09 751
 263.02 821
 263.94 905
 264.87 1011
 265.79 1144
 266.72 1316
 267.64 1540
 268.57 1821
 269.49 1864
 270.41 1861
 271.32 1861
 272.24 1860
 273.15 1864
 274.07 1863
 274.98 1864
 275.90 1867
 8.58 1102
 277.73 1869
 278.64 1869
 279.56 762
 12.26 690
 13.18 627
 14.10 577
 15.03 532

 15.95 494
 16.87 462
 17.79 434
 18.72 408
 19.64 386
 20.57 365
 21.49 347
 22.41 330
 23.33 316
 24.25 303
 25.17 291
 26.08 280
 27.00 269
 27.92 260
 28.84 252
 29.76 243
 30.68 236
 31.60 229
 32.52 223
 33.44 217
 34.36 211
 35.28 206
 36.20 201
 37.11 196
 38.03 192
 38.95 188
 39.87 184
 40.79 180
 41.71 177
 42.62 173
 43.54 170
 44.46 167
 45.38 165
 46.30 162
 47.22 160
 48.14 157
 49.06 155
 49.98 153
 50.90 151
 51.82 149
 52.74 147
 53.67 145
 54.59 143
 55.51 142
 56.43 140
 57.35 139
 58.27 138
 59.18 136
 60.10 135
 61.02 134
 61.94 133
 62.86 132
 63.78 131
 88.80 122
 89.73 122
 90.65 122
 91.58 122
 92.51 123
 93.44 123
 94.36 123
 95.29 123
 96.22 124
 97.15 124
 98.07 125
 99.00 125
 99.93 126
 100.84 126
 101.75 127
 195.33 129
 196.26 130
 197.18 131
 198.11 132
 199.03 133
 199.94 134
 200.86 135
 201.78 136
 202.69 137
 203.61 138
 204.53 139
 205.45 140
 206.37 142
 207.29 143
 208.20 101
 209.12 144
 210.04 148
 210.97 147
 211.89 150
 212.80 152
 213.72 154
 214.63 154
 215.55 160
 216.46 160
 217.38 162
 218.29 165
 219.21 166
 220.12 169
 221.04 171
 221.96 174
 222.88 176
 223.79 179
 224.71 182
 225.63 184
 226.54 188
 227.46 191
 228.37 194
 229.29 198
 230.21 201
 231.12 206
 232.04 210
 232.99 214
 233.91 219
 234.82 223
 235.74 228
 236.66 233
 237.58 239
 238.49 245
 239.41 251
 240.33 258
 241.25 264
 242.16 272
 243.08 280

 335.72 2149
 336.64 2131
 337.57 2113
 338.49 2100
 339.41 2088
 340.33 2070
 341.25 2058
 342.17 2044
 343.08 2031
 344.00 2026
 344.91 2014
 345.83 2000
 346.75 1995
 347.67 1980
 348.58 1982
 349.50 1972
 350.42 1965
 351.34 1957
 352.25 1952
 353.17 1943
 354.08 1943
 355.00 1940
 355.91 1935
 356.83 1931
 357.75 1928
 358.66 1929
 359.58 1925
 0.49 1923
 1.41 1924
 2.33 1921
 3.24 1920
 4.16 1917
 26.90 271
 27.82 261
 28.74 253
 29.66 244
 30.58 237
 31.50 230
 32.43 223
 33.35 217
 34.27 212
 35.19 206
 36.11 201
 37.03 196
 37.95 192
 38.88 188
 39.80 184
 40.73 180
 41.65 177
 42.58 173
 43.50 170
 44.43 168
 45.35 165
 46.28 162
 47.20 160
 48.13 157
 49.05 155
 49.98 153
 50.90 151
 51.83 149
 52.76 147
 53.68 145
 54.61 143
 55.53 135
 56.46 140
 57.39 139
 58.31 138
 59.24 136
 153.09 131
 154.01 0
 154.93 0
 155.85 128
 156.77 122
 157.70 125
 158.62 127
 159.54 123
 160.46 124
 161.37 124
 162.29 123
 163.20 123
 164.11 122
 165.02 122
 165.94 122
 166.85 121
 167.76 121
 168.67 121
 169.59 121
 170.50 121
 171.42 120
 172.34 120
 173.27 120
 174.19 120
 175.11 120
 176.04 121
 176.96 121
 177.89 121
 178.81 121
 179.73 121
 180.66 121
 181.58 121
 182.50 122
 183.42 122
 184.35 123
 185.27 123
 186.19 123
 187.11 124
 188.04 124
 188.96 125
 189.88 125
 190.80 126
 191.73 126
 192.65 127
 193.57 128
 194.50 128
 195.42 129
 196.35 130
 197.28 131
 198.20 1960
 291.19 1971
 292.10 1982
 200.98 135
 293.93 2004
 294.84 2022
 295.76 2036
 296.68 2047
 297.60 2066
 298.51 2080
 299.43 2097
 300.35 2115
 301.27 2136
 302.18 2152
 303.10 2176
 236.56 233
 237.49 743
 330.42 0
 331.33 0
 332.25 2223
 333.17 2196
 334.09 2176
 335.01 2169
 335.93 2141
 336.84 2129
 337.76 2113
 338.68 2092
 339.60 2086
 340.52 2071
 341.44 2056
 342.36 2039
 343.28 2033
 344.20 2024
 345.12 2012
 346.04 2002
 346.96 1992
 347.88 1985
 348.80 1976
 349.72 1972
 350.64 1966
 351.56 1956
 352.48 1952
 353.40 1944
 354.32 1942
 355.24 1935
 356.16 1937
 357.08 1930

 358.00 1928
 358.92 1925
 359.84 1923
 0.76 1928
 1.68 1921
 2.60 1922
 3.53 1919
 4.45 1919
 5.38 1914
 6.30 1956
 7.23 1514
 8.15 1183
 9.08 1021
 10.00 897
 10.93 800
 11.85 719
 12.77 653
 13.69 130
 106.71 131
 107.62 132
 108.53 132
 109.45 133
 110.36 134
 111.27 135
 112.20 136
 113.10 138
 114.01 139
 114.91 0
 115.82 117
 116.72 127
 117.63 144
 118.53 131
 119.44 142
 120.34 143
 121.25 145
 122.15 146
 123.07 147
 123.99 149

 124.91 151
 125.82 153
 126.74 155
 127.66 157
 128.58 159
 129.50 163
 130.42 173
 131.33 173
 132.25 170
 133.17 167
 134.13 165
 135.05 162
 135.97 159
 136.88 157
 137.80 155
 138.72 153
 139.64 150
 140.56 148
 141.48 147
 142.39 145
 143.31 143
 144.23 142
 145.15 140
 146.07 139
 146.98 137
 147.90 136
 148.81 135
 149.73 134
 150.64 277
 243.64 284
 176.46 121
 177.39 121
 178.31 121
 179.23 121
 180.16 121
 181.08 121
 182.00 122
 182.91 122
 183.83 122
 184.75 123
 185.67 123
 186.59 123
 187.51 124
 188.42 124
 189.34 125
 190.26 125
 283.08 1895
 283.99 1902
 284.91 1907
 285.82 1919
 286.73 1918
 287.64 1921
 288.56 1939
 289.47 1954
 290.39 1966
 291.31 1976
 292.22 1984
 293.14 1997
 294.05 2010
 294.97 2021
 295.88 2036
 296.80 2051
 297.71 2070
 298.63 2084
 299.54 2103
 300.46 2117
 301.38 2140
 302.30 2156
 303.22 2176
 304.15 2195
 305.07 2226
 305.99 2242
 306.91 2274
 307.83 2296
 308.75 726
 309.68 711
 310.60 697
 311.52 681
 312.43 669
 313.35 657
 3148.85 600
 319.77 588
 320.69 600
 321.608.85 600
 319.77 588
 320.69 600
 321.60 614
 322.52 625
 323.43 639
 324.35 655
 325.26 668
 58.12 138
 59.04 136
 59.96 135
 60.88 134
 61.80 133
 62.72 132
 63.64 131
 64.56 130
 65.48 129
 66.40 129
 67.32 128
 68.23 127
 69.15 127
 70.07 126
 70.99 125
 71.91 125
 72.83 124
 73.75 124
 74.66 123
 75.58 123
 76.49 123
 77.41 122
 78.32 122
 79.24 122
 80.15 122
 81.07 122
 81.98 121
 82.90 121
 83.81 121
 84.73 121
 85.65 121
 86.57 121
 87.49 122
 88.41 122
 89.33 122
 90.24 122
 91.16 122
 115.25 117
 116.16 120
 117.06 137
 117.97 125
 118.89 135
 119.80 145
 120.72 144
 121.63 145
 122.54 146
 123.46 148
 124.37 150
 125.29 152
 126.20 154
 127.11 156
 128.03 158
 128.94 160
 129.85 0
 130.77 174
 131.68 172
 132.60 169
 133.52 166
 134.43 164
 135.35 161
 136.26 159

 137.18 156
 138.10 154
 139.01 152
 139.93 150
 140.84 148
 141.76 146
 142.67 144
 143.59 143
 144.51 230
 237.01 235
 237.92 241
 238.84 247
 148.18 254
 240.69 260
 241.60 267
 242.52 275
 243.43 283
 244.35 292
 245.26 300
 246.18 310
 247.09 322
 248.01 333
 248.92 345
 249.84 358
 250.81 373
 251.73 389
 252.64 405
 253.56 408
 254.47 431
 255.39 450
 256.30 472
 257.22 515
 258.13 550
 259.05 585
 259.96 626
 260.88 673
 261.80 729
 262.71 794
 263.63 871
 264.54 966
 265.45 1085
 266.37 1243
 267.28 1452
 268.20 1745
 269.11 1860
 270.02 1861
 270.94 1859
 271.85 1857
 272.77 1860
 273.68 1859
 274.59 1865
 275.50 1862
 276.41 1866
 277.32 1867
 278.22 1871
 279.13 1876
 280.04 1878
 280.95 1886
 281.86 1887
 282.77 1895
 15.48 513
 16.40 479
 17.31 447
 18.23 421
 19.15 397
 20.07 376
 20.99 356
 21.91 339
 22.83 324
 23.75 310
 24.68 297
 25.60 285
 26.52 274
 27.44 265
 28.37 256
 29.29 248
 54.49 144
 55.40 142
 56.32 140
 57.24 139
 58.17 138
 59.09 136
 60.00 135
 60.92 134
 61.84 133
 62.75 132
 63.67 131
 64.58 130
 65.50 129
 66.42 129
 67.33 128
 68.25 127
 69.17 127
 70.09 126
 71.00 125
 71.92 125
 72.84 124
 73.76 124
 74.67 123
 75.59 123
 76.51 123
 77.43 123
 78.34 122
 79.26 122
 80.15 122
 81.07 122
 81.99 121
 82.91 121
 83.83 121
 84.75 121

 85.66 121
 86.58 121
 87.50 122
 88.42 122
 89.34 122
 90.26 122
 91.18 122
 92.11 122
 93.03 123
 93.96 123
 94.88 123
 95.81 124
 96.73 124
 97.66 124
 98.58 125
 99.51 126
 100.43 126
 101.36 127
 102.29 127
 103.20 128
 104.11 129
 105.02 129
 197.48 131
 198.40 132
 199.33 133
 200.25 134
 201.17 135
 202.09 136
 203.01 137
 203.93 138
 204.85 139
 205.77 141
 206.69 142
 207.61 144
 208.53 102
 209.45 146
 210.37 150
 211.29 148
 212.22 151
 213.15 153
 214.07 155
 215.00 156
 215.92 159
 216.85 161
 217.77 160
 218.70 167
 219.62 168
 220.55 170
 221.47 172
 222.40 175
 223.32 178
 224.25 180
 225.17 183
 226.10 186
 227.03 190
 227.95 193
 228.88 196
 229.80 200
 230.73 204
 231.66 208
 232.58 212
 233.51 216
 234.44 221
 235.35 226
 236.27 231
 237.18 236
 265.60 1109
 266.52 1275
 267.45 1486
 268.37 1783
 269.29 1864
 270.21 1858
 271.14 1862
 272.06 1857
 272.97 1862
 273.88 1861
 274.80 1864
 275.71 1865
 276.63 1866
 277.54 1871
 278.46 1869
 279.37 1875
 280.29 1880
 281.20 1886
 282.12 1889
 283.03 1894
 283.95 1901
 16.75 467
 17.68 438
 18.60 412
 19.52 389
 20.44 368
 21.36 350
 22.28 333
 23.19 318
 24.11 305
 25.03 293
 25.94 282
 26.86 271
 27.78 261
 28.70 253
 29.62 245
 30.54 237
 31.45 230
 32.37 224
 33.29 218
 34.21 212
 35.13 207
 36.05 201
 36.97 197
 37.89 192
 38.81 188
 39.73 184
 40.65 181
 41.57 177
 42.49 174
 43.41 171
 44.33 168
 45.25 165
 46.17 162
 47.09 160
 48.02 157
 48.94 155
 49.86 153
 50.78 151
 51.70 149
 52.62 147
 53.55 146
 54.47 144
 55.39 142
 56.31 141
 57.23 139
 58.15 138
 59.07 136
 59.99 135
 60.91 134
 61.83 133
 62.75 132
 63.67 131
 64.59 130
 65.51 129
 66.43 129
 67.35 128
 68.27 127
 69.18 124
 161.97 123
 162.88 123
 163.79 123
 164.70 122
 165.61 122
 166.53 121
 167.44 121
 168.35 121
 169.26 121
 170.17 121
 171.08 120
 171.99 120
 172.90 120
 173.81 120
 174.72 120
 175.63 120
 176.54 121
 177.46 121
 178.39 121
 179.31 121
 180.24 121
 203.55 138
 204.47 139
 205.38 140
 206.30 142
 207.22 143
 208.14 0
 209.06 143
 209.98 148
 210.91 148
 211.83 150
 212.74 152
 213.66 154
 214.57 155
 215.49 160
 216.40 160
 217.32 162
 218.23 164
 219.15 166
 220.06 168
 220.98 171
 221.89 173
 222.80 176
 223.72 179
 224.63 181
 225.55 184
 226.46 188
 227.38 191
 228.29 194
 229.21 198
 230.12 201
 231.04 205
 231.95 209
 232.91 213
 233.83 218
 234.74 223
 235.66 228
 236.58 233
 237.50 239
 238.41 244
 239.33 250
 240.25 257
 241.17 264
 242.08 271
 243.00 279
 243.92 2141
 336.76 2129
 337.69 2114
 338.63 2094
 339.56 2084
 340.49 2071
 341.43 2057
 342.36 2041
 343.28 2032
 344.20 2024
 345.12 2010
 346.03 2004
 346.95 1990
 347.87 1984
 348.79 1978
 349.71 1974
 350.63 1962
 351.54 1957
 352.46 1953
 353.38 1945
 354.29 1943
 355.20 1936
 356.12 1935
 357.03 1928
 357.94 1930
 358.86 1927
 359.77 1922
 0.69 1927
 1.60 1917
 2.51 1922
 3.43 1918
 4.34 1916
 5.26 1921
 6.19 1959
 7.11 1558
 8.04 1240
 8.96 1032
 9.89 905
 10.81 805
 11.74 724
 12.66 657
 13.59 601
 14.51 553
 15.44 512
 16.36 478

 17.29 446
 18.22 419
 19.15 396
 20.08 375
 21.01 138
 114.10 0
 115.02 117
 23.80 309
 24.73 296
 117.63 142
 118.55 131
 50.62 151
 51.54 150
 52.46 147
 53.38 146
 54.30 144
 55.22 142
 56.14 141
 57.06 135
 57.98 138
 58.90 137
 59.82 136
 60.74 134
 153.35 0
 154.27 0
 155.19 0
 156.11 129
 157.03 124
 157.94 126
 158.86 127
 159.78 123
 160.65 124
 161.57 123
 162.48 123
 163.40 123
 164.31 122
 165.23 122
 166.14 122
 167.06 121
 167.97 121
 168.89 121
 169.80 121
 170.72 121
 171.64 120
 172.56 120
 173.48 120
 174.41 120
 175.33 120
 176.25 121
 177.17 121
 178.09 121
 179.01 121
 179.94 121
 180.86 121
 181.78 122
 182.69 122
 183.61 122
 184.53 122
 185.45 123
 186.37 123
 187.29 124
 188.20 124
 189.12 125
 190.04 125
 190.96 126
 191.88 127
 192.80 127
 193.72 128
 194.65 129
 195.58 129
 196.51 130
 197.44 131
 198.37 1962
 291.28 1976
 292.19 1984
 201.17 135
 294.03 2005
 294.95 2021
 295.87 2036
 296.79 2049
 297.71 2070
 298.62 2082
 299.54 2101
 300.46 2119
 301.38 2137
 302.30 2156
 303.22 2177
 304.14 2196
 305.06 2223
 305.99 2242
 306.91 2276
 307.83 2293
 308.76 726
 309.68 711
 310.61 695
 311.53 681
 312.45 669
 313.38 657
 314.30 645
 315.22 634
 316.14 625
 317.05 617
 317.97 608
 318.89 599
 319.80 587
 320.72 600
 321.63 614
 322.55 625
 323.47 638
 324.38 655
 325.30 668