 230.63 144
 231.56 142
 232.48 141
 233.41 139
 234.33 137
 235.25 136
 236.16 134
 237.08 133
 238.00 132
 238.92 130
 239.83 129
 240.75 128
 241.67 127
 242.59 126
 243.50 125
 244.42 124
 245.34 123
 246.26 123
 247.19 122
 248.11 121
 249.03 347
 341.88 362
 342.80 377
 343.72 394
 252.73 412
 345.56 432
 346.48 453
 347.39 469
 348.31 491
 349.23 517
 350.15 569
 351.07 608
 351.99 653
 352.90 705
 353.82 765
 354.74 838
 355.65 926
 356.57 1033
 357.49 1177
 358.41 1361
 359.33 1632
 0.25 1901
 1.18 1924
 2.10 1919
 3.02 1923
 3.94 1920
 4.86 1923
 5.78 1924
 6.69 1924
 7.62 1927
 8.55 1929
 9.48 1927
 10.41 1935
 11.34 1937
 12.27 1941
 13.20 1942
 14.13 1952
 15.06 1960
 15.99 1966
 16.92 1961
 17.85 3025
 18.77 1973
 19.69 1991
 20.61 1999
 21.53 2012
 22.45 2024
 23.37 2028
 24.29 2042
 25.21 2054
 26.13 2067
 27.05 2078
 27.97 2091
 28.89 2112
 29.81 2125
 122.48 225
 123.40 218
 124.32 212
 125.24 207
 126.16 201

 127.08 197
 127.99 192
 128.91 188
 129.83 184
 130.75 180
 131.67 177
 132.59 173
 133.50 170
 134.42 167
 135.34 164
 136.26 162
 137.18 159
 138.10 157
 139.01 154
 139.93 152
 140.85 150
 141.76 148
 142.68 146
 143.60 144
 144.52 142
 145.44 141
 168.97 120
 169.88 119
 170.80 119
 171.71 119
 172.63 119
 173.56 119
 174.48 119
 175.41 119
 176.34 119
 177.26 119
 178.19 119
 179.11 119
 180.04 119
 180.97 119
 181.89 119
 182.82 120
 183.73 120
 184.65 120
 185.58 121
 186.50 121
 187.42 121
 188.35 122
 189.27 122
 190.20 123
 191.12 123
 192.04 124
 192.97 124
 193.89 125
 194.81 126
 195.74 126
 196.66 127
 197.59 128

 198.52 129
 199.44 129
 200.37 130
 201.29 131
 202.22 132
 203.15 133
 204.07 134
 205.00 135
 205.91 136
 298.64 138
 299.55 139
 300.47 140
 301.39 142
 302.31 144
 303.22 145
 304.14 147
 305.12 149
 306.04 150
 306.95 152
 307.87 154
 308.78 156
 309.70 158
 310.61 161
 311.53 163
 312.44 165
 313.36 168
 314.27 170
 315.19 173
 316.11 176
 317.03 179
 317.94 182
 318.86 185
 319.78 188
 320.69 192
 321.61 195
 322.52 199
 323.44 203
 324.36 207
 325.27 212
 326.19 217
 327.11 221
 328.03 227
 328.94 232
 329.86 238
 330.78 244
 331.69 250
 332.61 257
 333.52 264
 334.44 272
 335.36 281
 336.27 289
 337.19 299
 338.10 310
 339.02 321
 339.94 333
 340.86 345
 341.78 360
 74.73 1342
 75.65 1412
 76.57 1968
 345.45 430
 346.37 1944
 79.33 1939
 80.24 1931
 81.15 1924
 82.07 1915
 82.98 1911
 83.90 1903
 15.99 1967
 16.91 1962
 110.00 395
 110.92 373
 19.69 1995
 20.62 2001

 113.65 321
 114.55 306
 115.46 293
 116.37 282
 117.28 271
 118.19 261
 119.10 253
 120.00 244
 120.91 236
 121.82 229
 122.74 222
 123.66 216
 124.58 211
 125.49 205
 126.41 200
 127.33 195
 128.25 191
 129.17 187
 130.09 183
 131.00 179
 131.92 175
 132.84 172
 133.78 169
 134.70 166
 135.62 163
 136.54 161
 137.46 158
 138.38 156
 139.29 153
 140.21 151
 141.13 149
 142.05 147
 142.97 145
 143.89 143
 144.81 142
 145.73 140
 146.64 139
 147.56 137
 148.48 136
 149.40 135
 150.31 133
 151.23 132
 152.15 131
 153.07 131
 153.98 0
 154.90 0
 155.81 128
 156.72 122
 157.64 124
 158.55 120
 251.34 119
 252.26 119
 253.19 118
 254.11 118
 255.03 117
 255.95 117
 256.87 117
 257.79 116
 258.71 116
 259.63 116
 260.54 116
 261.46 116
 262.38 116
 263.30 116
 264.22 115
 265.14 115
 266.06 115
 266.98 116
 267.90 116
 268.82 116
 269.74 116
 270.66 116
 271.57 116
 272.49 116
 273.41 117
 274.33 117
 275.25 117
 276.17 118
 277.09 118
 278.00 119
 278.90 119
 279.81 119
 280.72 120
 281.63 121
 282.53 121
 283.44 122
 284.35 122
 285.26 123
 286.16 124
 287.07 124
 287.99 125
 288.90 126
 289.81 127
 290.73 128
 315.45 174
 316.37 176
 317.28 179
 318.20 182
 319.12 186
 320.04 189
 320.96 193
 321.88 196
 322.76 200
 323.68 204
 324.60 209
 325.52 213
 326.44 217
 327.36 223
 328.27 228
 329.19 233
 330.11 239
 331.03 246
 331.95 252
 332.87 259
 333.78 267
 334.70 1279
 67.75 1266
 68.67 1259
 69.59 1249
 70.51 1241
 71.43 1233
 72.35 1224
 73.26 1252
 74.18 1302
 75.09 1366
 76.01 1963
 76.93 1966
 77.84 1951
 78.76 1943
 79.67 1934
 80.59 1929
 81.51 1921
 82.42 1910
 83.34 1907
 84.26 1901
 85.18 1896
 86.10 1890
 87.03 1888
 87.95 1885
 88.87 1879
 89.79 1877
 90.71 1870
 91.63 1871
 92.56 1867
 93.48 1866
 94.40 1867
 95.31 1868
 96.24 1866
 97.17 1852
 98.11 1900
 99.04 1377
 99.97 1147
 100.90 971
 101.83 845
 102.76 747
 103.70 672
 104.63 609
 105.56 254
 106.49 263
 107.39 477
 108.30 445
 109.20 422
 110.10 393
 111.01 371
 111.91 134
 204.54 135
 113.72 319
 114.62 305
 115.53 139
 208.20 101
 209.12 139
 210.03 143
 210.95 143
 211.86 147
 212.78 142
 213.70 141
 214.61 144
 215.53 146
 216.44 146
 217.36 151
 218.27 152
 219.19 154
 220.11 156
 221.02 159
 221.94 166
 222.85 165
 223.77 162
 224.69 159
 225.60 157
 226.52 154
 227.44 152
 228.36 150
 229.29 147
 230.21 145
 254.89 117
 255.81 117
 256.73 117
 257.65 116
 258.57 116
 259.50 116
 260.42 116
 261.34 116
 262.26 116
 263.18 116
 264.11 115
 265.03 115
 265.95 116
 266.88 116
 267.80 116
 268.73 116
 269.65 116
 270.57 116
 271.50 116
 272.42 116
 273.34 117
 274.26 117
 275.17 117
 276.09 118
 277.01 118
 277.93 118
 278.84 119
 279.76 119
 280.68 120
 281.60 121
 282.51 121
 283.43 122
 284.35 122
 285.27 123
 286.18 124
 287.10 124
 288.02 125
 21.04 2006
 21.96 2018
 22.89 2027
 291.69 129
 24.74 2045
 25.67 2059
 26.59 2071
 27.51 2081
 28.43 2103
 29.36 2111
 30.28 2133
 31.20 2146
 32.12 2167
 33.05 2180
 33.97 2203
 34.83 2224
 35.75 2245
 36.67 2267
 37.59 2288
 38.51 2319
 39.43 2338
 40.35 2364
 41.27 2394
 42.19 2427
 43.11 2449
 44.03 2482
 44.95 2517
 45.87 2551
 46.79 2588
 47.71 2628
 48.63 2646
 49.55 2647
 50.47 2610
 51.40 2574
 52.32 2535
 53.24 2492
 54.16 2462
 55.08 2424
 56.00 2399
 56.92 2367
 57.84 2334
 58.76 2302
 59.68 2272
 60.60 2245
 61.52 2230
 62.43 2208
 63.35 2180
 64.27 2167
 65.19 1293
 66.11 1288
 67.03 1275
 67.96 1266
 68.88 1256
 69.80 123
 162.70 122
 163.62 122
 164.53 121
 165.45 121
 166.37 121
 167.28 120
 168.20 120
 169.12 120
 170.04 119
 102.22 805
 103.13 717
 104.05 646
 104.96 127
 197.72 128
 198.65 129
 199.57 130
 200.50 131
 201.41 132
 202.33 132
 203.25 134
 204.18 134
 205.10 136
 206.02 137
 206.94 138

 207.86 140
 208.78 103
 209.71 142
 210.63 144
 211.55 147
 212.49 141
 213.41 142
 214.32 145
 215.24 146
 216.15 147
 217.07 151
 217.98 151
 218.90 153
 219.81 155
 220.73 158
 221.64 164
 222.56 166
 223.46 163
 224.38 160
 225.30 158
 226.23 155
 227.15 153
 228.07 150
 228.99 148
 229.91 146
 230.83 144
 231.76 142
 232.68 140
 233.60 139

 234.51 137
 235.43 135
 236.35 134
 237.27 133
 238.19 131
 239.11 130
 240.02 129
 240.94 128
 241.86 127
 242.78 126
 243.70 125
 244.62 124
 245.54 301
 338.33 313
 339.26 324
 340.18 337
 341.11 350
 342.03 364
 342.96 380
 343.88 397
 344.80 416
 345.73 438
 346.65 442
 347.58 471
 348.51 508
 349.43 524
 350.36 579
 351.28 621
 352.21 668
 353.14 721
 354.06 786
 354.99 863
 355.91 958
 356.84 1078
 357.77 1237
 358.71 1449
 359.64 1760
 0.57 1923
 1.50 1922
 2.43 1923
 3.36 1923
 4.30 1921
 5.23 1921
 6.16 1920
 7.08 1925
 8.00 1928
 8.93 1930
 9.85 1929
 10.78 1939
 11.70 1938
 12.63 1944
 13.55 1944
 14.48 1954
 15.40 1960
 16.33 1973
 17.25 1965
 41.86 2417
 42.78 2438
 43.70 2472
 44.62 2500
 45.54 2539
 46.46 2574
 47.38 2609
 48.30 2650
 49.22 2660
 50.14 2625
 51.06 2580
 51.98 2549
 52.91 2503
 53.83 2477
 54.75 2441
 55.67 2408
 56.59 2372
 57.51 2344
 58.42 2314
 151.05 132
 60.26 2245
 61.18 2237
 62.10 2214
 63.02 0
 155.59 127
 156.50 127
 157.40 124
 158.31 126
 159.22 122
 160.13 124
 161.04 123
 161.95 123
 162.86 122
 163.77 122
 164.69 121
 165.60 121
 166.51 120
 167.43 120
 168.34 120
 169.26 120
 170.17 119
 171.08 119
 172.00 119
 172.91 119
 173.83 119
 174.75 119
 175.67 119
 176.59 119
 177.51 119
 178.43 119
 179.36 119
 180.28 119
 181.20 119
 182.12 120
 183.04 120
 183.96 120
 184.87 120
 185.79 121
 186.71 121
 187.64 121
 188.56 122
 189.48 122
 190.40 123
 191.32 123
 192.24 124
 193.17 125
 194.09 125
 195.01 126
 195.93 126
 196.85 127
 197.78 128
 198.70 129
 199.62 130
 293.50 131
 294.42 132
 295.33 133
 203.32 134
 297.13 135
 298.05 137
 298.97 138
 299.89 140
 300.81 141
 301.74 142
 302.66 144
 303.58 146

 304.50 148
 305.42 149
 306.34 151
 307.25 153
 308.16 155
 309.08 157
 309.99 159
 310.91 161
 311.82 164
 312.74 166
 313.65 169
 314.57 171
 315.48 174
 316.40 177
 317.31 180
 339.78 332
 340.70 344
 341.63 358
 342.55 373
 343.47 389
 344.40 408
 345.32 428
 346.25 448
 347.17 483
 348.09 483
 349.02 514
 349.94 553
 350.85 598
 351.77 642
 352.69 691
 353.60 751
 354.52 818
 355.44 900
 356.36 1004
 357.28 1135
 358.20 1311
 359.11 1554
 0.03 1826
 0.95 1921
 1.87 1921
 2.79 1922
 3.72 1924
 4.64 1920
 5.57 1926
 6.49 1924
 7.42 1926
 8.34 1928
 9.27 1929
 10.19 1931
 11.12 1935
 12.04 1941
 12.95 1943
 13.87 1952
 14.80 1954
 15.72 462
 108.66 432
 109.58 406
 110.51 382
 111.43 361
 112.36 343
 113.27 327
 114.19 312
 115.10 299
 116.01 287
 116.93 275
 117.84 266
 118.76 256
 119.67 248
 120.58 240
 121.50 232
 122.41 226
 123.33 219
 124.24 213
 125.16 208
 126.07 202
 126.99 197
 127.90 193
 128.82 189
 129.73 184
 130.65 181
 131.56 177
 132.48 174
 133.39 171
 134.24 168
 135.16 165
 136.08 162
 137.00 160
 137.92 157
 138.84 155
 139.77 152
 140.69 150
 141.61 148
 142.53 146
 143.45 144
 144.37 143
 145.29 141
 146.21 139
 147.13 138
 148.05 137
 148.97 135
 149.89 134
 150.82 133
 151.74 132
 152.66 131
 153.58 0
 154.50 0
 155.42 0
 156.34 128
 157.25 121
 250.18 120
 251.10 119
 252.03 119
 252.96 118
 253.88 118
 254.81 117
 189.11 122
 190.03 123
 190.95 123
 191.87 124
 192.79 124
 193.71 125
 194.64 124
 287.36 125
 288.27 126
 289.18 126
 290.10 127
 291.01 128
 291.93 129
 292.85 130
 293.76 131
 294.68 132
 295.60 134
 296.51 135
 297.43 136
 298.34 137
 299.26 139
 300.18 140
 301.09 142
 302.01 143
 302.92 145
 303.84 146
 304.77 148
 305.69 150
 306.61 152
 307.54 154
 308.46 156
 309.39 158
 310.31 160
 311.23 162
 312.16 164

 313.08 167
 313.99 169
 314.91 172
 315.82 175
 316.74 178
 317.65 181
 318.57 184
 319.48 187
 320.40 190
 321.31 194
 322.23 198
 323.14 202
 324.06 206
 324.98 210
 325.90 215
 326.81 220
 327.73 225
 328.64 230
 329.56 236
 330.47 242
 331.39 2176
 332.30 255
 333.22 263
 334.13 270
 335.05 1276
 68.08 1263
 69.00 1254
 69.93 1249
 70.85 1237
 71.77 1232
 72.69 1224
 73.61 1269
 74.53 1324
 75.45 1398
 76.37 1969
 77.28 1956
 78.20 1949
 79.12 1942
 80.04 1932
 80.95 1927
 81.87 1918
 82.79 1910
 83.71 1904
 84.62 1897
 85.54 1894
 86.45 1890
 87.37 1889
 88.29 1879
 89.21 1878
 90.13 1874
 91.05 1869
 91.97 1871
 92.89 1866
 93.81 1866
 94.73 1867
 95.65 1867
 96.57 1866
 97.56 1860
 98.47 1652
 99.39 1214
 100.30 1078
 101.22 925
 102.13 809
 103.05 254
 103.96 648
 126.73 198
 127.64 194
 128.56 190
 129.48 185
 130.39 181
 131.31 178
 132.22 174
 133.14 171
 134.06 168
 134.97 165
 135.89 163
 136.80 160
 137.72 157
 138.64 155
 139.55 153
 140.47 151
 141.38 149
 142.30 147
 143.21 145
 144.13 143
 145.05 141
 145.97 132
 239.01 130
 239.93 129
 148.72 135
 149.64 127
 242.69 126
 243.60 125
 244.51 124
 245.43 123
 246.34 123
 247.26 122
 248.17 121
 249.08 121
 250.00 120
 250.91 119
 251.82 119
 252.74 118
 253.67 118
 254.59 118
 255.51 117
 256.43 117
 257.36 116
 258.28 116
 259.20 116
 260.12 116
 261.05 116
 261.97 116
 262.88 116
 263.80 116
 264.73 116
 265.65 116
 266.57 115
 267.50 116
 268.42 116
 269.35 116
 270.27 116
 271.19 116
 272.12 116
 273.04 117
 273.97 117
 274.88 117
 275.79 118
 276.71 118
 277.62 118
 278.53 119
 279.44 119
 280.35 120
 281.26 120
 282.18 121
 283.09 121
 284.00 122
 284.91 123
 285.82 123
 286.74 1971
 19.68 1992
 20.60 2000
 21.52 2016
 22.45 2021
 23.37 2030
 24.29 2045
 25.21 2054
 26.13 2067
 27.05 2075
 27.97 2095
 28.89 2109
 29.80 2123
 30.72 2139
 31.64 2158
 32.56 2174
 33.48 2189
 34.40 2213
 35.31 2234
 36.23 2257
 37.15 2280
 38.08 2301
 39.00 2327
 39.92 2355
 40.84 2382
 41.76 2407
 64.77 0
 65.69 1292
 66.60 1281
 67.52 1270
 68.44 1261
 69.36 1252
 70.27 1244
 71.19 1236
 72.11 1227
 73.02 1233
 73.94 1286
 74.85 1352
 75.77 0
 76.69 1966
 77.60 1955
 78.52 1941
 79.44 1937
 80.37 1930
 81.29 1927
 82.22 1916
 83.15 1912
 84.08 1902
 85.00 1898
 85.93 1892
 86.86 1888
 87.79 1886
 88.71 1880
 89.64 1875
 90.55 1875
 91.49 1871
 92.42 1869
 93.36 1867
 94.30 1868
 95.23 1865
 96.17 1869
 97.10 1854
 98.04 1872
 98.98 1452

 99.91 1169
 100.85 988
 101.79 858
 102.70 125
 195.15 126
 196.08 127
 197.00 127
 197.92 128
 198.85 129
 199.77 130
 200.69 131
 201.61 132
 202.53 133
 203.44 134
 204.36 135
 205.28 136
 206.20 137
 207.12 138
 208.04 0
 208.95 0
 209.87 142
 210.79 144
 211.71 148
 212.63 142
 213.55 140
 214.46 144
 215.38 146
 216.30 147
 217.22 152
 218.14 152
 219.06 154
 219.97 156
 220.89 159
 221.81 165
 222.73 166
 223.65 163
 224.58 160
 225.50 157
 226.42 154
 227.34 152
 228.27 150
 229.19 148
 230.11 146
 231.03 143
 231.96 142
 232.88 140
 233.81 138
 234.73 137
 235.65 135
 236.57 134
 237.49 132
 238.41 131
 239.32 246
 332.08 253
 241.16 128
 242.08 127
 243.00 276
 335.77 284
 336.69 294
 337.61 304
 338.53 315
 339.45 326
 272.84 117
 273.75 117
 274.67 117
 275.58 1924
 276.50 118
 277.41 118
 278.33 119
 279.24 1935
 12.09 1941
 13.02 1943
 13.95 1951
 14.88 1957
 15.81 1965
 16.73 1962
 17.66 3017
 18.59 1968
 19.51 1994
 20.43 1998
 21.35 2008
 22.28 2018
 23.20 2031
 24.12 2037
 25.04 2054
 25.96 2060
 26.88 2079
 27.81 2088
 28.73 2108
 29.65 2117
 30.58 2136
 31.49 2149
 32.41 2172
 33.32 2187
 34.24 2209
 35.15 2232
 36.07 2247
 36.98 2272
 37.90 2299
 38.81 2321
 39.73 2349
 40.64 2368
 41.56 2405
 42.48 2433
 43.40 2465
 44.32 2493
 45.24 2523
 46.16 2561
 47.07 2600
 47.99 2639
 48.91 2668
 49.83 2642
 50.75 2599
 51.67 2559
 52.60 2522
 53.52 2485
 54.44 2448
 55.37 2413
 56.29 136
 149.04 135
 149.96 134
 150.88 133
 59.97 2247
 152.73 130
 153.65 0
 154.56 0
 155.47 0
 156.38 127
 157.30 123
 158.21 125
 159.12 122
 160.03 124
 160.95 123
 161.86 123
 162.78 122
 163.70 122
 164.61 121
 165.53 121
 166.44 120
 167.36 120
 168.27 120
 169.19 120
 170.10 119
 171.02 119
 171.93 119
 172.85 119
 173.77 119
 174.69 119
 175.61 119
 176.53 119
 177.45 119
 178.37 119
 179.29 119
 180.21 119
 181.13 119
 182.05 120
 182.97 120
 183.89 120
 184.81 120
 185.73 121
 186.65 121
 187.56 121
 210.11 144
 211.03 143
 211.96 146
 212.88 142
 213.80 142
 214.72 145
 215.64 146
 216.56 146
 217.49 150
 218.40 152
 219.32 154
 220.23 156
 221.14 160
 222.05 167
 222.97 165
 223.88 162
 224.79 159
 225.70 157
 226.62 154
 227.53 151
 228.45 150
 229.37 147
 230.28 145
 323.13 202
 324.05 206
 324.97 210
 325.88 215
 326.80 220
 327.72 225
 328.64 230
 329.55 236
 330.47 242
 331.39 248
 332.31 255
 333.22 262
 334.14 270
 335.06 278
 335.98 287
 336.89 296
 337.81 307
 338.73 318
 339.66 330
 340.58 343
 341.51 356
 342.43 371
 343.36 388
 344.28 405
 345.21 425
 346.13 446
 347.06 478
 347.98 480
 348.91 513
 349.85 537
 350.77 594
 351.69 638
 352.61 686
 353.53 744
 354.45 812
 355.36 892
 356.28 994
 357.20 1121
 358.12 1290
 359.04 1522
 359.96 1870
 0.87 1921
 1.79 1920
 2.72 1922
 3.64 1919
 4.56 1923
 5.49 1924
 6.41 1923
 7.34 1924
 8.26 1927
 9.18 1928
 10.11 1932
 11.03 1934
 11.96 1936
 104.99 585
 105.91 529
 106.82 497
 107.73 463
 108.64 433
 109.56 407
 110.47 384
 111.40 362
 112.31 344
 113.21 328
 114.12 313
 115.02 300
 115.93 287
 116.83 276
 117.74 266
 118.64 257
 119.55 248
 120.45 240
 121.36 233
 122.27 226
 123.19 219
 124.10 213
 125.02 208